14. 31. 40. 45. 55. 60. 65. 70. 75. 80. 90. 95. 99.
10. 11. 13. 14. 24. 28. 32. 33. 34. 45. 50. 65. 75. 80. 90. 95. 99.
18. 23. 28. 29. 33. 35. 45. 50. 55. 75. 80. 85. 90. 95. 99.
18. 20. 27. 34. 45. 50. 55. 65. 70. 75. 80. 85. 90. 95. 99.
7. 11. 12. 15. 20. 24. 25. 27. 30. 31. 40. 45. 60. 65. 75. 85. 95. 99.
11. 25. 30. 33. 50. 55. 65. 75. 80. 90. 95. 99.
7. 8. 15. 17. 19. 22. 28. 30. 40. 50. 80. 85. 90. 95. 99.
6. 9. 16. 20. 23. 33. 35. 40. 45. 50. 55. 60. 65. 70. 80. 85. 90. 95. 99.
14. 20. 23. 24. 27. 30. 33. 34. 40. 50. 55. 60. 70. 75. 80. 90. 95. 99.
13. 16. 17. 20. 25. 35. 40. 45. 65. 85. 90. 95. 99.
8. 16. 20. 21. 23. 24. 29. 30. 32. 50. 65. 70. 80. 85. 90. 95. 99.
12. 17. 22. 25. 26. 29. 30. 32. 35. 40. 55. 60. 65. 70. 75. 80. 85. 90. 95. 99.
12. 19. 25. 27. 29. 32. 33. 34. 40. 45. 50. 55. 65. 70. 75. 85. 90. 95. 99.
11. 28. 29. 30. 32. 35. 55. 60. 65. 75. 80. 85. 90. 95. 99.
16. 20. 27. 28. 32. 34. 45. 50. 55. 60. 80. 85. 90. 95. 99.
25. 26. 28. 31. 35. 50. 60. 65. 70. 75. 85. 90. 95. 99.
13. 22. 23. 27. 28. 29. 32. 33. 45. 50. 55. 60. 70. 75. 80. 90. 95. 99.
13. 27. 34. 35. 70. 75. 85. 90. 95. 99.
8. 15. 24. 26. 30. 34. 45. 50. 55. 60. 70. 75. 80. 85. 90. 95. 99.
22. 25. 31. 34. 40. 50. 65. 75. 80. 85. 90. 95. 99.
18. 25. 28. 30. 31. 32. 33. 60. 70. 75. 80. 85. 95. 99.
16. 24. 25. 26. 31. 35. 55. 60. 65. 70. 80. 85. 90. 95. 99.
7. 13. 25. 26. 27. 32. 33. 50. 65. 70. 80. 85. 90. 95. 99.
17. 21. 28. 35. 50. 55. 65. 80. 85. 90. 95. 99.
9. 17. 23. 26. 30. 32. 50. 60. 65. 80. 85. 90. 95. 99.
3. 21. 26. 31. 34. 45. 50. 60. 65. 70. 80. 85. 90. 95. 99.
20. 22. 24. 32. 33. 45. 50. 55. 60. 65. 75. 80. 85. 95. 99.
11. 16. 30. 31. 35. 40. 45. 55. 60. 65. 70. 75. 80. 85. 90. 95. 99.
8. 11. 12. 13. 21. 34. 50. 55. 60. 65. 75. 85. 90. 95. 99.
8. 11. 21. 29. 30. 34. 45. 50. 55. 60. 65. 70. 75. 80. 85. 95. 99.
18. 19. 20. 22. 25. 30. 32. 34. 35. 55. 60. 70. 75. 80. 85. 95. 99.
7. 11. 15. 19. 20. 25. 31. 32. 33. 34. 55. 60. 65. 70. 75. 80. 85. 90. 95. 99.
15. 20. 24. 31. 32. 33. 45. 50. 55. 60. 65. 75. 80. 85. 90. 95. 99.
8. 13. 15. 28. 31. 34. 35. 60. 65. 80. 95. 99.
6. 8. 12. 14. 18. 22. 26. 27. 40. 45. 60. 65. 75. 80. 90. 95. 99.
7. 20. 24. 26. 29. 31. 34. 35. 40. 45. 50. 55. 65. 70. 75. 90. 95. 99.
11. 14. 17. 24. 31. 32. 35. 45. 55. 70. 75. 80. 85. 90. 95. 99.
10. 14. 22. 23. 25. 28. 30. 33. 40. 50. 60. 65. 70. 80. 85. 90. 95. 99.
20. 26. 28. 40. 55. 65. 75. 85. 90. 95. 99.
20. 29. 31. 35. 50. 55. 65. 70. 75. 80. 85. 90. 95. 99.
14. 15. 23. 24. 26. 27. 29. 33. 45. 50. 55. 70. 80. 85. 95. 99.
15. 17. 20. 22. 28. 30. 31. 34. 35. 40. 45. 50. 55. 65. 70. 75. 80. 85. 90. 95. 99.
23. 27. 28. 29. 33. 34. 35. 50. 55. 60. 65. 70. 75. 80. 85. 95. 99.
15. 18. 21. 24. 26. 29. 30. 50. 65. 70. 85. 90. 95. 99.
10. 16. 22. 24. 27. 31. 33. 34. 50. 55. 65. 75. 80. 85. 90. 95. 99.
13. 19. 23. 32. 34. 40. 55. 65. 70. 75. 80. 85. 90. 95. 99.
16. 17. 23. 27. 32. 33. 34. 55. 60. 65. 70. 75. 80. 85. 90. 95. 99.
2. 16. 18. 22. 24. 26. 28. 31. 33. 50. 60. 65. 70. 75. 85. 90. 95. 99.
13. 15. 16. 20. 23. 24. 26. 31. 60. 70. 75. 80. 95. 99.
15. 26. 29. 32. 35. 40. 55. 60. 65. 70. 75. 85. 90. 95. 99.
15. 20. 22. 24. 25. 26. 31. 32. 33. 34. 40. 45. 55. 65. 75. 80. 85. 90. 95. 99.
8. 19. 20. 21. 22. 23. 24. 29. 34. 40. 45. 55. 65. 70. 75. 80. 85. 90. 95. 99.
21. 26. 28. 34. 35. 50. 55. 60. 65. 75. 85. 95. 99.
15. 16. 24. 25. 27. 30. 34. 40. 45. 50. 55. 65. 80. 85. 90. 95. 99.
7. 13. 15. 24. 25. 26. 28. 29. 34. 35. 45. 50. 80. 85. 90. 95. 99.
13. 16. 27. 28. 29. 31. 34. 35. 40. 50. 55. 60. 70. 75. 85. 90. 95. 99.
7. 14. 17. 19. 20. 22. 23. 27. 29. 50. 55. 60. 65. 70. 85. 95. 99.
9. 19. 20. 23. 25. 29. 30. 35. 45. 50. 55. 65. 75. 80. 90. 95. 99.
21. 22. 25. 31. 33. 34. 35. 45. 50. 65. 75. 80. 85. 90. 95. 99.
11. 17. 19. 21. 22. 29. 30. 33. 45. 50. 55. 65. 70. 80. 85. 90. 95. 99.
10. 15. 19. 21. 25. 26. 32. 33. 34. 50. 55. 60. 65. 70. 75. 80. 85. 90. 95. 99.
18. 20. 23. 27. 29. 30. 31. 45. 55. 60. 65. 70. 85. 90. 95. 99.
22. 27. 31. 32. 33. 40. 55. 60. 65. 75. 80. 85. 90. 95. 99.
9. 23. 28. 30. 33. 34. 50. 55. 60. 65. 70. 80. 85. 95. 99.
14. 26. 32. 34. 55. 60. 65. 70. 80. 85. 90. 95. 99.
8. 24. 25. 30. 31. 32. 33. 40. 45. 55. 60. 65. 70. 75. 80. 85. 90. 95. 99.
15. 17. 18. 21. 23. 28. 29. 33. 40. 60. 70. 75. 80. 90. 95. 99.
16. 17. 19. 26. 27. 28. 30. 31. 34. 35. 55. 70. 75. 80. 90. 95. 99.
13. 19. 29. 31. 35. 40. 75. 85. 90. 95. 99.
11. 14. 28. 29. 31. 40. 55. 70. 75. 80. 85. 90. 95. 99.
8. 18. 21. 26. 28. 45. 50. 55. 70. 75. 80. 85. 95. 99.
23. 30. 32. 33. 34. 40. 45. 50. 65. 70. 75. 85. 90. 95. 99.
17. 19. 26. 27. 31. 33. 34. 55. 65. 80. 90. 95. 99.
6. 10. 18. 20. 25. 33. 40. 45. 50. 60. 65. 70. 75. 80. 85. 90. 95. 99.
10. 18. 19. 23. 25. 31. 34. 45. 50. 60. 70. 75. 80. 85. 90. 95. 99.
6. 19. 29. 30. 31. 32. 34. 45. 50. 65. 70. 75. 80. 85. 90. 95. 99.
16. 21. 22. 24. 26. 28. 31. 32. 35. 40. 50. 60. 65. 70. 75. 80. 90. 95. 99.
13. 17. 21. 35. 70. 80. 85. 90. 95. 99.
5. 11. 13. 22. 23. 30. 32. 40. 55. 60. 70. 75. 85. 90. 95. 99.
11. 23. 24. 25. 34. 55. 60. 65. 75. 80. 85. 90. 95. 99.
22. 24. 25. 34. 35. 40. 50. 55. 60. 65. 70. 75. 80. 90. 95. 99.
20. 21. 28. 32. 33. 40. 55. 65. 70. 75. 80. 85. 90. 95. 99.
15. 16. 21. 25. 27. 29. 31. 40. 50. 65. 80. 85. 95. 99.
18. 23. 25. 29. 34. 40. 65. 75. 80. 85. 90. 95. 99.
11. 20. 22. 23. 45. 55. 60. 65. 75. 80. 85. 90. 95. 99.
2. 16. 29. 32. 33. 40. 50. 55. 60. 65. 70. 80. 85. 90. 95. 99.
7. 8. 17. 21. 24. 26. 32. 40. 55. 60. 65. 70. 75. 85. 90. 95. 99.
6. 21. 23. 29. 31. 55. 60. 70. 80. 85. 90. 95. 99.
6. 19. 20. 21. 25. 26. 27. 29. 45. 60. 65. 75. 80. 85. 90. 95. 99.
6. 15. 21. 25. 32. 33. 35. 40. 45. 50. 55. 65. 70. 75. 80. 85. 90. 95. 99.
7. 13. 20. 21. 22. 25. 27. 29. 31. 32. 35. 40. 45. 50. 55. 60. 65. 70. 75. 80. 85. 95. 99.
5. 19. 26. 27. 35. 60. 75. 80. 85. 90. 95. 99.
21. 23. 27. 28. 35. 55. 60. 75. 80. 85. 90. 95. 99.
19. 21. 23. 24. 25. 30. 32. 35. 45. 55. 65. 70. 80. 85. 90. 95. 99.
10. 16. 18. 19. 20. 21. 26. 28. 40. 50. 55. 60. 65. 70. 75. 80. 85. 90. 95. 99.
13. 15. 21. 22. 24. 29. 31. 32. 34. 40. 45. 50. 60. 65. 70. 75. 80. 85. 90. 95. 99.
14. 15. 22. 24. 27. 30. 32. 35. 45. 55. 60. 65. 70. 75. 80. 85. 90. 95. 99.
8. 9. 24. 29. 32. 45. 65. 80. 85. 90. 99.
16. 19. 23. 24. 33. 50. 55. 65. 70. 75. 85. 90. 95. 99.
7. 10. 14. 26. 33. 35. 60. 70. 75. 80. 85. 90. 95. 99.
10. 14. 23. 33. 34. 35. 55. 70. 75. 80. 85. 90. 95. 99.
12. 17. 19. 35. 55. 65. 75. 80. 85. 90. 95. 99.
27. 29. 31. 33. 55. 60. 65. 70. 75. 85. 90. 95. 99.
26. 27. 28. 29. 32. 45. 60. 65. 70. 80. 85. 90. 95. 99.
3. 17. 20. 30. 31. 34. 50. 65. 70. 75. 80. 85. 90. 95. 99.
12. 21. 23. 28. 31. 34. 45. 65. 70. 75. 80. 85. 90. 95. 99.
10. 13. 24. 28. 31. 34. 50. 55. 65. 75. 80. 85. 90. 95. 99.
3. 7. 22. 25. 26. 27. 33. 35. 45. 50. 55. 60. 65. 70. 75. 80. 85. 90. 95. 99.
10. 24. 30. 33. 34. 35. 60. 65. 70. 75. 80. 85. 90. 95. 99.
13. 21. 26. 27. 35. 55. 65. 70. 80. 85. 90. 99.
22. 27. 29. 30. 31. 33. 34. 35. 75. 85. 90. 95. 99.
27. 28. 30. 32. 60. 80. 85. 90. 95. 99.
10. 15. 26. 30. 33. 35. 55. 60. 65. 70. 90. 95. 99.
17. 23. 24. 28. 29. 40. 50. 60. 65. 70. 75. 80. 85. 90. 95. 99.
9. 19. 23. 29. 32. 33. 34. 50. 55. 60. 65. 70. 75. 80. 85. 90. 95. 99.
17. 20. 22. 24. 28. 29. 31. 45. 50. 55. 60. 65. 75. 80. 85. 90. 95. 99.
6. 10. 14. 28. 30. 32. 33. 35. 40. 45. 65. 70. 75. 80. 85. 90. 95. 99.
11. 18. 21. 24. 25. 28. 31. 32. 40. 55. 65. 75. 80. 85. 90. 99.
16. 17. 21. 25. 31. 34. 35. 45. 55. 65. 70. 75. 85. 90. 95. 99.
16. 20. 23. 24. 25. 26. 32. 34. 35. 40. 50. 60. 80. 90. 95. 99.
17. 18. 28. 30. 31. 32. 33. 35. 40. 45. 60. 65. 70. 75. 85. 95. 99.
15. 18. 28. 33. 40. 50. 55. 60. 65. 70. 75. 80. 85. 90. 95. 99.
16. 17. 21. 28. 33. 34. 70. 80. 85. 90. 95. 99.
11. 14. 17. 20. 22. 27. 32. 40. 50. 55. 70. 80. 85. 90. 99.
15. 19. 28. 33. 40. 45. 60. 65. 70. 75. 85. 90. 95. 99.
11. 18. 23. 27. 29. 32. 34. 50. 65. 75. 85. 90. 95. 99.
8. 16. 25. 27. 28. 31. 35. 40. 45. 50. 55. 60. 70. 75. 80. 85. 95. 99.
21. 22. 24. 30. 32. 45. 50. 60. 65. 70. 75. 80. 85. 90. 95. 99.
10. 21. 23. 32. 33. 40. 45. 60. 65. 70. 75. 85. 90. 95. 99.
27. 31. 40. 50. 55. 65. 75. 80. 85. 90. 95. 99.
30. 32. 35. 40. 45. 55. 65. 70. 75. 95. 99.
14. 16. 17. 23. 26. 31. 34. 40. 50. 60. 65. 70. 75. 85. 90. 95. 99.
8. 12. 23. 29. 31. 32. 35. 40. 60. 75. 80. 85. 90. 95. 99.
9. 14. 19. 24. 29. 30. 31. 45. 50. 65. 70. 75. 80. 85. 90. 95. 99.
6. 9. 14. 16. 26. 28. 30. 33. 40. 65. 70. 75. 80. 85. 90. 95. 99.
5. 9. 19. 21. 25. 27. 35. 45. 50. 60. 65. 70. 75. 80. 85. 95. 99.
14. 20. 22. 25. 29. 35. 40. 50. 55. 60. 70. 75. 85. 90. 95. 99.
17. 25. 27. 40. 45. 50. 60. 65. 85. 90. 95. 99.
12. 17. 25. 30. 32. 34. 60. 70. 75. 80. 85. 95. 99.
6. 10. 12. 21. 29. 30. 32. 33. 60. 65. 70. 80. 85. 90. 95. 99.
17. 20. 21. 25. 27. 29. 32. 34. 35. 40. 45. 60. 65. 75. 80. 85. 90. 95. 99.
13. 18. 19. 21. 22. 25. 26. 32. 40. 60. 65. 70. 75. 80. 95. 99.
19. 32. 34. 45. 50. 55. 60. 65. 80. 85. 90. 95. 99.
10. 11. 21. 22. 24. 25. 29. 32. 40. 50. 70. 75. 80. 85. 90. 95. 99.
5. 11. 20. 22. 24. 27. 29. 31. 33. 34. 35. 40. 45. 50. 55. 60. 65. 70. 75. 80. 85. 90. 95. 99.
5. 9. 15. 16. 19. 22. 26. 27. 32. 35. 60. 65. 70. 75. 85. 90. 95. 99.
13. 18. 19. 21. 25. 26. 34. 40. 45. 75. 85. 90. 95. 99.
10. 13. 17. 21. 22. 34. 45. 50. 55. 60. 75. 80. 85. 90. 95. 99.
7. 20. 22. 27. 29. 45. 55. 60. 70. 75. 80. 85. 90. 95. 99.
13. 14. 25. 30. 34. 50. 55. 60. 65. 80. 85. 90. 95. 99.
12. 17. 22. 31. 32. 33. 40. 50. 55. 60. 70. 75. 80. 85. 95. 99.
11. 17. 29. 33. 34. 35. 40. 45. 55. 60. 65. 70. 85. 90. 95. 99.
13. 23. 24. 26. 28. 31. 35. 45. 65. 70. 75. 80. 95. 99.
10. 11. 18. 19. 25. 27. 33. 34. 40. 45. 50. 55. 65. 75. 90. 95. 99.
25. 33. 40. 45. 50. 55. 70. 75. 80. 85. 90. 95. 99.
25. 32. 34. 45. 70. 80. 85. 90. 95. 99.
23. 26. 31. 50. 55. 60. 65. 70. 75. 80. 90. 95. 99.
14. 25. 28. 30. 40. 45. 50. 60. 65. 70. 75. 80. 85. 90. 95. 99.
9. 26. 28. 30. 34. 40. 55. 65. 70. 75. 80. 85. 90. 95. 99.
1. 28. 29. 31. 32. 33. 34. 45. 55. 60. 65. 70. 80. 85. 90. 95. 99.
30. 31. 32. 34. 60. 65. 70. 80. 85. 90. 95. 
15. 29. 31. 34. 35. 40. 50. 55. 65. 80. 90. 95. 99.
22. 23. 26. 31. 33. 50. 55. 60. 70. 75. 80. 85. 90. 95. 99.
15. 22. 24. 26. 29. 30. 50. 60. 65. 70. 75. 90. 95. 99.
14. 16. 19. 20. 22. 24. 26. 28. 29. 31. 34. 35. 40. 50. 60. 65. 70. 85. 90. 99.
9. 15. 22. 23. 27. 29. 32. 35. 40. 50. 60. 65. 70. 75. 80. 85. 90. 95. 99.
17. 22. 29. 31. 33. 34. 35. 40. 55. 60. 65. 70. 80. 90. 95. 99.
7. 14. 15. 16. 17. 22. 28. 29. 30. 31. 34. 35. 40. 50. 55. 60. 70. 75. 80. 85. 90. 95. 99.
24. 60. 65. 70. 75. 90. 95. 99.
10. 17. 18. 25. 31. 32. 35. 45. 50. 55. 60. 65. 70. 75. 80. 85. 90. 95. 99.
4. 5. 10. 15. 21. 23. 25. 30. 50. 60. 80. 85. 90. 95. 99.
4. 5. 17. 23. 28. 40. 45. 50. 55. 60. 65. 70. 85. 90. 95. 99.
20. 21. 22. 25. 34. 35. 40. 45. 50. 65. 70. 80. 85. 90. 95. 99.
15. 20. 24. 25. 29. 30. 32. 33. 45. 50. 55. 60. 65. 70. 75. 85. 90. 95. 99.
20. 26. 27. 31. 45. 50. 55. 65. 75. 85. 90. 95. 99.
24. 30. 50. 55. 60. 80. 90. 95. 99.
2. 18. 20. 21. 23. 35. 50. 55. 60. 65. 70. 75. 80. 85. 90. 95. 99.
9. 12. 16. 28. 40. 45. 50. 55. 60. 65. 70. 80. 85. 90. 95. 99.
12. 14. 22. 28. 29. 33. 34. 40. 60. 65. 70. 75. 80. 85. 90. 95. 99.
5. 18. 25. 27. 30. 32. 34. 60. 70. 75. 80. 85. 90. 95. 99.
12. 16. 17. 18. 20. 21. 27. 30. 33. 40. 50. 55. 65. 75. 80. 85. 90. 95. 99.
17. 21. 29. 31. 32. 50. 60. 70. 75. 80. 85. 90. 95. 99.
25. 27. 28. 29. 32. 33. 40. 50. 55. 60. 65. 80. 85. 95. 99.
5. 9. 18. 19. 22. 25. 26. 29. 32. 35. 40. 55. 60. 65. 70. 75. 85. 90. 95. 99.
8. 12. 19. 27. 30. 31. 45. 60. 65. 70. 75. 80. 85. 95. 99.
21. 22. 27. 28. 29. 30. 31. 50. 55. 60. 65. 70. 75. 85. 90. 95. 99.
13. 22. 29. 31. 33. 34. 35. 55. 60. 70. 75. 80. 85. 90. 95. 99.
14. 17. 22. 27. 29. 31. 55. 65. 70. 75. 80. 85. 95. 99.
14. 18. 19. 20. 26. 28. 50. 65. 80. 85. 95. 99.
3. 4. 11. 14. 17. 32. 33. 65. 70. 80. 85. 90. 95. 99.
14. 17. 21. 23. 25. 26. 27. 29. 34. 40. 50. 55. 65. 70. 75. 80. 85. 90. 95. 99.
18. 28. 34. 35. 40. 45. 50. 55. 60. 65. 75. 80. 85. 90. 95. 99.
16. 21. 28. 31. 32. 34. 50. 65. 70. 80. 90. 95. 99.
1. 17. 21. 26. 28. 32. 35. 45. 50. 55. 65. 70. 75. 80. 85. 95. 99.
19. 27. 35. 45. 50. 55. 70. 75. 85. 90. 95. 99.
4. 45. 50. 65. 70. 75. 85. 90. 95. 99.
14. 17. 26. 55. 60. 65. 75. 85. 90. 95. 99.
9. 10. 13. 23. 27. 30. 31. 33. 50. 55. 65. 70. 75. 80. 85. 90. 95. 99.
13. 15. 18. 24. 27. 30. 32. 33. 34. 45. 55. 60. 70. 85. 90. 95. 99.
6. 15. 19. 21. 22. 23. 24. 28. 45. 55. 60. 65. 70. 75. 80. 85. 90. 95. 99.
10. 11. 16. 28. 30. 33. 45. 55. 60. 65. 70. 80. 85. 95. 99.
14. 21. 24. 29. 30. 33. 35. 40. 45. 60. 65. 70. 75. 80. 85. 90. 95. 99.
11. 16. 23. 25. 26. 40. 50. 60. 65. 70. 75. 85. 90. 95. 99.
15. 16. 18. 19. 30. 50. 60. 65. 70. 75. 85. 90. 95. 99.
21. 24. 27. 31. 35. 40. 45. 55. 60. 65. 70. 75. 80. 85. 90. 95. 99.
13. 24. 34. 40. 55. 70. 80. 85. 90. 95. 99.
6. 25. 27. 28. 33. 34. 40. 45. 80. 85. 90. 95. 
12. 17. 24. 28. 29. 33. 45. 50. 55. 60. 65. 70. 75. 85. 95. 99.
7. 9. 15. 18. 31. 32. 33. 34. 65. 70. 85. 90. 95. 99.
8. 13. 16. 21. 26. 27. 29. 30. 31. 35. 60. 70. 75. 85. 90. 95. 99.
8. 16. 17. 20. 24. 26. 40. 45. 60. 70. 75. 80. 85. 90. 95. 99.
3. 18. 19. 29. 32. 34. 40. 45. 50. 55. 60. 65. 70. 75. 80. 85. 90. 95. 99.
10. 21. 29. 30. 32. 33. 34. 40. 50. 55. 65. 70. 80. 85. 90. 95. 99.
13. 14. 23. 24. 26. 28. 33. 50. 55. 65. 70. 85. 90. 95. 99.
18. 19. 24. 26. 27. 29. 31. 33. 35. 40. 45. 50. 55. 60. 65. 70. 75. 80. 90. 95. 99.
11. 14. 17. 24. 27. 29. 30. 40. 70. 75. 80. 85. 90. 95. 99.
13. 16. 21. 25. 26. 27. 35. 40. 45. 50. 55. 60. 65. 75. 80. 85. 90. 95. 99.
11. 14. 16. 19. 26. 34. 55. 60. 70. 80. 85. 90. 95. 99.
14. 21. 25. 31. 35. 60. 70. 75. 80. 85. 90. 99.
8. 12. 20. 35. 40. 55. 60. 65. 75. 80. 90. 95. 99.
8. 17. 19. 29. 31. 33. 50. 55. 65. 70. 75. 80. 85. 90. 95. 99.
16. 17. 18. 19. 24. 27. 29. 31. 34. 35. 40. 45. 70. 80. 85. 90. 95. 99.
17. 21. 25. 29. 30. 31. 32. 34. 35. 65. 70. 75. 80. 85. 90. 95. 99.
21. 23. 25. 26. 33. 34. 50. 55. 60. 65. 70. 80. 85. 90. 95. 99.
13. 16. 25. 27. 28. 40. 50. 55. 60. 75. 80. 85. 90. 95. 99.
18. 19. 22. 23. 26. 27. 29. 30. 34. 55. 70. 80. 85. 90. 95. 99.
25. 28. 34. 45. 50. 55. 70. 75. 80. 85. 90. 95. 
18. 20. 25. 26. 27. 29. 45. 50. 55. 60. 65. 70. 75. 80. 85. 90. 95. 99.
6. 7. 9. 18. 19. 24. 26. 29. 30. 33. 34. 45. 50. 55. 60. 70. 80. 85. 90. 95. 99.
6. 20. 22. 31. 32. 34. 35. 40. 60. 65. 70. 75. 80. 85. 90. 95. 99.
24. 25. 26. 30. 31. 34. 50. 60. 65. 80. 85. 90. 99.
11. 15. 16. 19. 29. 31. 32. 45. 50. 55. 60. 65. 75. 80. 85. 90. 95. 99.
4. 11. 18. 20. 21. 23. 32. 35. 40. 45. 55. 60. 70. 80. 85. 90. 95. 99.
19. 24. 28. 32. 33. 34. 45. 50. 55. 65. 70. 75. 85. 90. 99.
14. 18. 24. 25. 28. 30. 32. 35. 40. 50. 55. 90. 95. 99.
15. 17. 19. 24. 30. 32. 34. 35. 40. 50. 55. 60. 65. 70. 75. 80. 85. 90. 95. 99.
7. 9. 26. 27. 33. 40. 45. 50. 65. 70. 75. 85. 95. 99.
20. 26. 31. 35. 60. 65. 70. 75. 80. 85. 90. 95. 99.
13. 22. 23. 25. 33. 34. 55. 65. 70. 75. 85. 90. 95. 99.
7. 19. 21. 22. 29. 30. 32. 40. 55. 60. 75. 80. 85. 90. 95. 99.
12. 13. 17. 28. 40. 55. 60. 65. 70. 75. 85. 95. 99.
11. 19. 23. 28. 33. 35. 50. 55. 60. 70. 75. 80. 85. 90. 95. 99.
12. 15. 16. 22. 24. 29. 35. 40. 45. 60. 65. 70. 85. 90. 95. 99.
21. 27. 33. 35. 40. 45. 55. 60. 65. 70. 85. 90. 95. 99.
9. 30. 31. 34. 35. 40. 50. 55. 60. 65. 70. 75. 85. 90. 95. 99.
17. 18. 25. 26. 27. 28. 29. 30. 32. 34. 40. 45. 70. 75. 80. 85. 90. 95. 99.
4. 10. 13. 16. 21. 32. 60. 80. 85. 90. 95. 99.
17. 19. 23. 25. 34. 40. 50. 60. 70. 75. 80. 85. 90. 95. 99.
12. 13. 20. 27. 29. 33. 34. 35. 55. 60. 65. 75. 80. 85. 90. 95. 99.
5. 15. 18. 21. 22. 24. 28. 31. 32. 33. 34. 55. 60. 70. 75. 80. 85. 90. 95. 99.
19. 25. 55. 60. 65. 75. 80. 85. 90. 95. 99.
13. 14. 17. 21. 35. 45. 50. 65. 75. 85. 90. 95. 99.
2. 12. 13. 24. 26. 45. 55. 60. 70. 75. 80. 90. 95. 99.
3. 14. 17. 23. 24. 26. 31. 32. 50. 55. 65. 70. 80. 85. 90. 95. 99.
6. 9. 10. 16. 28. 30. 32. 33. 35. 40. 50. 55. 60. 65. 70. 80. 85. 90. 95. 99.
9. 10. 19. 21. 28. 29. 31. 32. 34. 40. 45. 65. 70. 75. 85. 90. 95. 99.
19. 21. 26. 29. 32. 33. 40. 60. 65. 75. 80. 85. 95. 99.
12. 17. 33. 45. 55. 60. 65. 70. 75. 80. 85. 90. 95. 99.
10. 15. 22. 24. 26. 32. 33. 40. 60. 70. 75. 80. 85. 90. 95. 99.
10. 14. 19. 24. 29. 40. 45. 60. 65. 70. 75. 80. 85. 90. 95. 99.
11. 18. 21. 24. 25. 26. 29. 30. 32. 40. 45. 50. 60. 70. 75. 85. 90. 95. 99.
15. 21. 25. 30. 32. 35. 40. 55. 60. 65. 80. 85. 95. 99.
7. 18. 19. 25. 29. 31. 34. 40. 45. 60. 65. 70. 75. 80. 85. 90. 95. 99.
16. 18. 26. 28. 30. 31. 32. 40. 45. 50. 60. 80. 85. 90. 99.
10. 17. 21. 24. 25. 26. 29. 31. 45. 50. 60. 65. 70. 75. 80. 85. 90. 95. 99.
6. 21. 25. 27. 28. 31. 34. 35. 55. 65. 70. 80. 85. 90. 95. 99.
4. 24. 26. 31. 50. 55. 65. 70. 80. 85. 90. 95. 99.
15. 29. 31. 33. 34. 35. 50. 65. 70. 75. 85. 90. 95. 99.
12. 15. 27. 29. 30. 32. 40. 45. 65. 70. 85. 90. 95. 99.
5. 10. 31. 32. 33. 45. 55. 60. 70. 80. 85. 90. 95. 99.
17. 19. 21. 31. 50. 65. 70. 75. 80. 85. 90. 95. 99.
16. 19. 25. 34. 45. 50. 65. 75. 85. 90. 95. 99.
10. 12. 13. 22. 24. 28. 31. 32. 34. 50. 65. 75. 85. 90. 95. 99.
15. 20. 27. 31. 33. 50. 55. 65. 70. 75. 80. 90. 95. 99.
14. 27. 29. 33. 35. 40. 45. 50. 55. 60. 75. 80. 85. 90. 95. 99.
17. 18. 19. 22. 29. 32. 34. 50. 55. 60. 65. 70. 75. 85. 90. 95. 99.
12. 20. 21. 28. 29. 32. 35. 40. 45. 55. 65. 75. 80. 90. 95. 99.
6. 8. 14. 25. 28. 31. 33. 40. 45. 50. 60. 65. 70. 80. 85. 95. 99.
12. 15. 17. 24. 25. 26. 32. 40. 45. 50. 55. 60. 75. 80. 85. 90. 95. 99.
16. 24. 28. 35. 40. 50. 55. 70. 75. 80. 90. 95. 99.
18. 26. 30. 34. 40. 45. 55. 60. 65. 70. 75. 80. 85. 90. 95. 99.
13. 16. 17. 23. 24. 28. 31. 40. 45. 50. 55. 60. 65. 75. 80. 85. 90. 95. 99.
8. 9. 14. 16. 22. 27. 30. 33. 50. 55. 60. 65. 70. 75. 80. 85. 90. 95. 99.
15. 19. 24. 26. 31. 40. 45. 50. 70. 75. 80. 85. 90. 95. 99.
9. 13. 14. 21. 23. 33. 65. 70. 75. 85. 90. 95. 99.
2. 26. 28. 29. 40. 45. 50. 55. 60. 65. 80. 85. 90. 95. 99.
10. 18. 32. 45. 55. 60. 65. 70. 75. 80. 85. 90. 95. 99.
12. 19. 21. 29. 31. 33. 34. 35. 40. 55. 60. 65. 70. 80. 85. 90. 95. 99.
24. 27. 31. 32. 60. 70. 75. 80. 90. 95. 99.
15. 19. 22. 31. 33. 50. 60. 65. 75. 80. 85. 90. 95. 99.
14. 18. 19. 20. 26. 27. 29. 30. 32. 35. 45. 60. 80. 90. 95. 99.
15. 19. 25. 28. 32. 34. 35. 40. 55. 60. 65. 75. 85. 90. 95. 99.
9. 14. 23. 33. 50. 55. 60. 65. 70. 75. 80. 85. 90. 95. 99.
8. 24. 27. 29. 35. 45. 60. 80. 85. 90. 95. 99.
19. 21. 22. 24. 25. 27. 31. 32. 40. 45. 50. 55. 65. 75. 80. 90. 99.
9. 22. 25. 30. 31. 32. 34. 35. 55. 60. 70. 75. 85. 90. 95. 99.
17. 23. 25. 29. 50. 55. 60. 65. 70. 75. 80. 85. 95. 99.
8. 24. 27. 29. 45. 55. 60. 65. 70. 75. 80. 85. 90. 95. 99.
6. 22. 25. 26. 29. 30. 32. 33. 40. 55. 60. 70. 80. 85. 90. 95. 99.
19. 23. 27. 29. 32. 50. 55. 60. 70. 75. 80. 85. 90. 95. 99.
9. 20. 24. 31. 33. 35. 45. 55. 65. 70. 75. 80. 85. 90. 95. 99.
20. 24. 25. 26. 29. 30. 32. 34. 35. 40. 55. 65. 75. 80. 85. 90. 95. 99.
15. 17. 24. 27. 32. 55. 60. 70. 85. 90. 95. 99.
10. 14. 15. 18. 27. 28. 31. 33. 45. 55. 70. 75. 80. 85. 90. 95. 99.
11. 12. 14. 22. 29. 34. 45. 55. 65. 70. 75. 80. 90. 95. 99.
22. 50. 60. 65. 70. 75. 80. 85. 90. 95. 99.
8. 10. 20. 23. 26. 27. 40. 50. 55. 60. 65. 75. 85. 90. 95. 99.
7. 16. 19. 30. 33. 55. 60. 75. 80. 85. 95. 99.
12. 14. 17. 25. 27. 31. 32. 35. 40. 50. 65. 75. 80. 85. 90. 99.
10. 11. 21. 27. 29. 31. 33. 34. 45. 50. 55. 60. 70. 75. 80. 85. 90. 95. 99.
8. 22. 23. 27. 29. 33. 35. 40. 50. 60. 65. 70. 75. 80. 85. 90. 95. 99.
18. 27. 31. 50. 55. 60. 65. 70. 75. 80. 85. 90. 95. 99.
12. 22. 28. 30. 32. 33. 34. 50. 55. 60. 70. 75. 85. 95. 99.
2. 8. 23. 28. 30. 34. 35. 40. 60. 65. 70. 80. 85. 90. 95. 99.
11. 18. 20. 28. 29. 34. 40. 45. 55. 60. 70. 75. 80. 90. 95. 
7. 8. 10. 13. 23. 26. 29. 40. 60. 65. 70. 75. 80. 85. 95. 99.
10. 21. 24. 35. 40. 50. 75. 80. 95. 99.
17. 24. 26. 31. 33. 35. 40. 55. 60. 75. 80. 85. 90. 99.
5. 22. 23. 26. 27. 29. 33. 34. 40. 50. 55. 60. 80. 85. 90. 95. 99.
11. 26. 28. 32. 33. 34. 45. 50. 65. 70. 75. 80. 85. 90. 95. 99.
11. 22. 25. 27. 29. 30. 33. 50. 55. 65. 70. 75. 85. 90. 95. 99.
5. 9. 15. 19. 22. 28. 35. 40. 45. 50. 75. 80. 85. 90. 95. 99.
28. 29. 32. 35. 60. 70. 75. 80. 85. 95. 99.
11. 19. 32. 33. 34. 40. 45. 75. 80. 85. 90. 95. 99.
10. 27. 28. 29. 31. 50. 55. 60. 70. 80. 85. 90. 95. 99.
13. 15. 18. 25. 27. 33. 34. 50. 55. 60. 70. 75. 80. 85. 90. 99.
13. 17. 20. 22. 23. 25. 30. 33. 50. 55. 60. 70. 75. 80. 85. 90. 95. 99.
10. 11. 17. 18. 20. 21. 22. 33. 45. 60. 70. 85. 90. 95. 99.
16. 27. 31. 33. 35. 40. 55. 60. 65. 70. 75. 85. 90. 95. 99.
13. 29. 31. 33. 40. 45. 50. 55. 65. 70. 75. 85. 90. 95. 99.
15. 17. 21. 23. 25. 27. 30. 32. 45. 60. 65. 75. 80. 85. 90. 95. 99.
14. 17. 18. 21. 23. 25. 28. 31. 32. 33. 60. 75. 80. 85. 90. 95. 99.
14. 19. 20. 35. 40. 45. 65. 70. 75. 80. 85. 90. 95. 99.
20. 33. 50. 55. 65. 70. 85. 90. 95. 99.
16. 26. 29. 33. 34. 50. 55. 70. 75. 80. 85. 90. 95. 99.
15. 19. 24. 29. 30. 31. 33. 34. 40. 45. 70. 75. 80. 85. 90. 95. 99.
22. 26. 30. 32. 50. 60. 65. 70. 80. 85. 90. 95. 99.
9. 26. 35. 40. 45. 50. 60. 65. 75. 85. 90. 95. 99.
22. 28. 34. 35. 40. 55. 60. 70. 75. 80. 85. 95. 99.
12. 23. 24. 25. 28. 29. 32. 45. 55. 60. 65. 70. 75. 85. 90. 95. 99.
11. 17. 19. 27. 29. 32. 50. 55. 65. 75. 80. 85. 90. 95. 99.
10. 16. 18. 19. 22. 24. 33. 60. 65. 75. 80. 85. 90. 95. 99.
7. 16. 22. 24. 25. 26. 27. 30. 31. 35. 50. 70. 75. 90. 95. 99.
15. 19. 21. 24. 31. 32. 35. 50. 55. 60. 65. 70. 75. 80. 85. 90. 95. 99.
20. 21. 22. 30. 32. 34. 40. 50. 55. 80. 85. 90. 95. 99.
17. 29. 32. 34. 55. 60. 65. 70. 75. 80. 85. 90. 95. 99.
13. 16. 17. 22. 29. 31. 33. 35. 50. 55. 60. 65. 70. 75. 80. 85. 90. 95. 99.
13. 16. 26. 29. 30. 45. 50. 55. 60. 65. 70. 75. 80. 85. 90. 95. 99.
6. 14. 20. 24. 31. 32. 35. 45. 55. 60. 70. 75. 85. 90. 95. 99.
15. 18. 30. 31. 34. 45. 70. 75. 80. 85. 90. 95. 99.
10. 20. 24. 29. 30. 31. 32. 55. 60. 75. 80. 85. 90. 95. 99.
11. 14. 15. 17. 31. 34. 35. 40. 50. 55. 60. 65. 70. 75. 80. 85. 90. 95. 99.
2. 3. 10. 16. 19. 26. 32. 33. 45. 60. 65. 70. 75. 80. 85. 90. 95. 99.
13. 18. 29. 30. 40. 50. 70. 75. 80. 85. 90. 95. 99.
18. 27. 33. 45. 50. 65. 70. 75. 80. 85. 90. 95. 99.
10. 15. 24. 28. 29. 30. 32. 35. 50. 55. 65. 75. 80. 85. 90. 95. 99.
7. 12. 20. 21. 22. 25. 28. 33. 35. 45. 55. 60. 65. 70. 75. 80. 85. 90. 95. 99.
16. 20. 21. 31. 33. 35. 50. 55. 70. 80. 85. 90. 95. 99.
18. 21. 26. 35. 40. 45. 50. 60. 65. 70. 75. 80. 85. 95. 99.
15. 22. 23. 29. 55. 65. 70. 75. 80. 85. 90. 95. 99.
11. 19. 34. 35. 40. 65. 70. 75. 80. 85. 95. 99.
3. 12. 25. 26. 27. 32. 35. 60. 65. 80. 85. 90. 95. 99.
9. 14. 15. 19. 30. 40. 55. 75. 80. 85. 90. 95. 99.
10. 19. 26. 29. 30. 40. 50. 55. 60. 70. 75. 90. 95. 99.
17. 19. 20. 30. 31. 32. 50. 55. 70. 80. 85. 95. 99.
8. 22. 24. 30. 31. 40. 50. 60. 70. 75. 80. 85. 90. 95. 99.
5. 9. 13. 17. 18. 21. 23. 26. 28. 33. 40. 45. 55. 65. 80. 90. 95. 99.
14. 19. 21. 23. 30. 31. 32. 34. 35. 50. 55. 60. 70. 75. 85. 90. 95. 99.
12. 23. 25. 28. 35. 45. 50. 55. 65. 75. 80. 85. 90. 95. 99.
9. 14. 15. 35. 40. 60. 65. 70. 75. 80. 85. 90. 95. 99.
18. 20. 22. 26. 29. 30. 35. 55. 65. 70. 75. 85. 90. 95. 99.
22. 24. 25. 30. 34. 50. 55. 70. 75. 85. 90. 95. 99.
9. 11. 12. 15. 17. 23. 28. 31. 32. 33. 34. 40. 60. 65. 70. 75. 80. 85. 90. 95. 99.
13. 32. 33. 34. 40. 60. 70. 80. 85. 90. 95. 99.
21. 28. 29. 30. 32. 55. 65. 75. 80. 85. 90. 95. 99.
21. 23. 25. 27. 28. 33. 34. 35. 50. 55. 60. 70. 90. 95. 99.
9. 15. 20. 30. 34. 35. 50. 65. 70. 75. 80. 85. 90. 95. 99.
10. 17. 23. 24. 26. 27. 28. 32. 35. 40. 45. 55. 65. 70. 75. 80. 95. 99.
10. 12. 15. 20. 23. 27. 28. 29. 34. 55. 60. 65. 85. 95. 99.
1. 22. 23. 32. 55. 65. 70. 75. 80. 85. 90. 95. 99.
9. 15. 35. 40. 45. 50. 55. 65. 80. 85. 90. 95. 99.
8. 24. 29. 30. 31. 33. 45. 50. 55. 60. 70. 80. 85. 95. 99.
23. 25. 30. 31. 32. 33. 55. 65. 70. 75. 80. 85. 90. 99.
18. 25. 26. 28. 31. 35. 40. 45. 50. 55. 60. 70. 75. 80. 85. 90. 95. 99.
13. 23. 27. 31. 40. 45. 50. 55. 60. 65. 70. 75. 80. 90. 95. 99.
5. 13. 27. 28. 32. 45. 70. 75. 80. 85. 90. 99.
21. 25. 40. 50. 55. 70. 75. 80. 85. 90. 95. 99.
6. 8. 16. 24. 32. 33. 35. 45. 50. 55. 65. 75. 80. 85. 90. 95. 99.
18. 28. 29. 31. 32. 45. 55. 65. 75. 80. 90. 95. 99.
17. 23. 27. 30. 35. 45. 55. 65. 75. 80. 85. 90. 95. 99.
8. 15. 23. 28. 30. 34. 40. 50. 55. 75. 80. 85. 90. 95. 99.
24. 26. 29. 40. 45. 50. 55. 60. 65. 70. 75. 80. 90. 95. 99.
6. 18. 22. 23. 29. 70. 75. 85. 90. 95. 99.
11. 17. 22. 23. 29. 33. 34. 40. 50. 60. 65. 70. 75. 80. 85. 90. 95. 99.
4. 13. 19. 20. 26. 27. 29. 31. 35. 50. 55. 60. 65. 70. 75. 80. 90. 95. 99.
10. 13. 16. 18. 27. 29. 31. 33. 34. 35. 65. 75. 80. 85. 90. 95. 99.
13. 18. 24. 26. 35. 40. 50. 70. 75. 80. 85. 90. 95. 
19. 21. 27. 28. 32. 45. 50. 55. 60. 65. 70. 85. 90. 95. 99.
9. 17. 22. 27. 28. 34. 35. 40. 45. 50. 55. 60. 65. 75. 80. 85. 90. 95. 99.
9. 13. 16. 18. 19. 24. 25. 26. 28. 34. 40. 45. 55. 60. 65. 70. 75. 80. 85. 90. 95. 99.
14. 16. 17. 18. 21. 23. 24. 26. 32. 34. 50. 65. 70. 75. 85. 90. 95. 99.
1. 8. 11. 12. 17. 25. 26. 32. 55. 60. 65. 70. 75. 80. 85. 90. 95. 99.
7. 13. 18. 24. 27. 30. 32. 60. 65. 75. 80. 85. 90. 95. 99.
10. 27. 33. 34. 45. 50. 60. 65. 75. 80. 85. 90. 95. 99.
22. 28. 29. 32. 35. 40. 65. 70. 75. 85. 90. 95. 99.
24. 32. 35. 50. 60. 75. 80. 90. 95. 99.
6. 32. 34. 45. 60. 70. 75. 80. 85. 90. 95. 99.
8. 13. 18. 20. 21. 26. 29. 32. 33. 34. 45. 50. 55. 65. 70. 75. 80. 85. 90. 95. 99.
19. 20. 28. 35. 50. 70. 75. 80. 85. 90. 95. 99.
7. 8. 12. 15. 17. 21. 23. 26. 27. 28. 32. 34. 50. 55. 60. 65. 70. 75. 85. 90. 95. 99.
8. 13. 15. 17. 22. 24. 25. 29. 31. 40. 50. 55. 60. 75. 85. 90. 95. 99.
19. 28. 32. 35. 40. 45. 50. 55. 60. 70. 75. 80. 85. 90. 95. 99.
12. 14. 20. 22. 25. 29. 31. 32. 33. 45. 60. 65. 70. 75. 80. 85. 90. 95. 99.
9. 12. 14. 16. 20. 22. 24. 27. 29. 33. 35. 55. 60. 65. 70. 75. 85. 90. 95. 99.
8. 11. 17. 18. 25. 32. 35. 60. 65. 70. 75. 80. 85. 90. 95. 99.
15. 22. 23. 30. 32. 33. 45. 65. 70. 75. 80. 85. 90. 95. 99.
3. 16. 21. 28. 31. 45. 55. 60. 65. 75. 80. 85. 90. 95. 99.
12. 24. 31. 32. 34. 55. 60. 65. 75. 80. 85. 90. 95. 99.
10. 14. 16. 20. 25. 35. 50. 55. 65. 75. 80. 85. 90. 95. 99.
13. 24. 30. 31. 32. 34. 35. 55. 65. 75. 85. 90. 95. 99.
11. 12. 15. 18. 19. 23. 24. 27. 34. 45. 50. 60. 70. 75. 85. 95. 99.
12. 18. 19. 24. 26. 27. 33. 45. 55. 60. 70. 80. 85. 90. 95. 99.
10. 15. 20. 22. 27. 29. 30. 34. 40. 55. 65. 70. 80. 85. 90. 95. 99.
22. 23. 24. 25. 27. 31. 32. 33. 35. 40. 75. 80. 90. 95. 99.
12. 17. 19. 22. 27. 29. 34. 35. 50. 60. 75. 80. 85. 90. 95. 99.
15. 21. 24. 31. 33. 40. 45. 50. 60. 65. 70. 75. 80. 85. 90. 95. 99.
23. 25. 30. 32. 34. 35. 40. 45. 55. 60. 65. 70. 85. 90. 95. 99.
31. 32. 33. 50. 55. 60. 65. 70. 75. 80. 85. 90. 95. 99.
15. 22. 34. 35. 40. 45. 55. 60. 70. 75. 80. 85. 90. 95. 99.
14. 15. 16. 21. 27. 35. 40. 45. 50. 55. 65. 70. 75. 85. 90. 99.
14. 20. 21. 29. 31. 75. 80. 85. 90. 95. 99.
13. 25. 35. 45. 50. 55. 60. 65. 70. 85. 90. 95. 99.
7. 15. 17. 21. 22. 24. 26. 28. 33. 34. 50. 55. 70. 80. 85. 90. 95. 99.
10. 26. 27. 32. 50. 55. 60. 70. 75. 80. 90. 95. 99.
12. 14. 23. 27. 28. 29. 34. 50. 60. 65. 70. 75. 85. 90. 95. 99.
16. 23. 40. 45. 50. 55. 65. 70. 80. 85. 90. 95. 99.
10. 12. 40. 45. 70. 75. 80. 85. 90. 95. 99.
17. 18. 21. 28. 29. 31. 32. 34. 55. 60. 65. 70. 75. 80. 90. 95. 99.
16. 20. 21. 24. 26. 31. 33. 45. 50. 70. 75. 80. 85. 95. 99.
14. 15. 17. 22. 23. 26. 34. 60. 65. 70. 75. 80. 90. 95. 99.
7. 12. 14. 25. 27. 28. 31. 34. 50. 55. 60. 65. 75. 80. 85. 90. 95. 99.
3. 7. 10. 21. 23. 25. 27. 33. 34. 50. 55. 65. 70. 75. 80. 85. 90. 95. 99.
10. 14. 18. 32. 45. 50. 60. 65. 70. 75. 80. 85. 90. 95. 99.
23. 28. 29. 30. 32. 33. 45. 50. 55. 65. 70. 75. 80. 85. 90. 95. 99.
13. 21. 23. 25. 26. 31. 35. 40. 45. 65. 70. 80. 85. 90. 95. 99.
25. 27. 35. 45. 55. 60. 65. 70. 80. 90. 95. 99.
17. 27. 31. 34. 55. 70. 75. 80. 85. 90. 99.
20. 22. 29. 30. 32. 33. 45. 55. 60. 70. 75. 80. 85. 90. 99.
12. 17. 23. 30. 31. 32. 34. 40. 45. 60. 70. 80. 85. 90. 95. 99.
8. 15. 17. 19. 20. 21. 24. 30. 31. 32. 33. 34. 40. 45. 50. 75. 80. 85. 90. 95. 99.
18. 25. 27. 32. 35. 40. 55. 65. 70. 75. 85. 90. 95. 99.
14. 17. 18. 19. 25. 27. 34. 40. 45. 65. 70. 75. 80. 85. 90. 99.
11. 18. 22. 25. 40. 50. 55. 60. 65. 75. 80. 85. 90. 95. 99.
14. 17. 28. 29. 32. 35. 40. 45. 50. 55. 60. 65. 80. 85. 90. 95. 99.
10. 14. 28. 32. 34. 65. 75. 90. 95. 99.
2. 18. 20. 23. 27. 28. 33. 34. 35. 50. 60. 75. 80. 85. 90. 95. 99.
7. 11. 19. 20. 21. 22. 28. 30. 33. 50. 75. 80. 85. 90. 95. 99.
10. 12. 20. 29. 31. 33. 35. 40. 45. 50. 65. 80. 85. 90. 95. 99.
15. 22. 23. 24. 25. 31. 32. 33. 40. 65. 70. 80. 85. 90. 95. 99.
19. 28. 33. 35. 40. 80. 85. 90. 95. 99.
12. 16. 17. 20. 26. 27. 28. 32. 33. 34. 45. 55. 70. 75. 85. 90. 95. 99.
18. 19. 23. 29. 31. 34. 45. 55. 60. 65. 75. 85. 90. 95. 99.
12. 20. 23. 26. 32. 34. 40. 45. 50. 60. 65. 70. 75. 80. 90. 95. 99.
10. 12. 14. 18. 28. 29. 31. 40. 45. 55. 60. 65. 75. 80. 90. 95. 99.
10. 19. 25. 27. 45. 55. 70. 80. 85. 90. 99.
12. 15. 16. 17. 23. 34. 45. 50. 55. 65. 70. 75. 80. 85. 90. 95. 99.
29. 32. 33. 34. 55. 60. 65. 70. 80. 85. 90. 95. 99.
5. 21. 26. 28. 29. 30. 31. 32. 34. 45. 60. 65. 75. 80. 85. 90. 95. 99.
7. 9. 12. 20. 24. 26. 27. 29. 30. 33. 55. 65. 70. 80. 85. 90. 95. 99.
16. 20. 23. 31. 40. 50. 55. 75. 85. 90. 95. 99.
22. 32. 60. 70. 80. 90. 95. 99.
7. 20. 21. 32. 50. 55. 65. 70. 75. 85. 90. 95. 99.
18. 23. 25. 28. 29. 30. 34. 55. 60. 65. 70. 75. 80. 85. 90. 95. 99.
16. 19. 21. 22. 26. 32. 33. 35. 45. 55. 60. 65. 75. 80. 85. 90. 95. 99.
13. 14. 16. 21. 22. 24. 32. 55. 65. 75. 80. 85. 90. 95. 99.
33. 45. 55. 70. 75. 80. 85. 90. 95. 99.
13. 16. 18. 20. 22. 23. 33. 35. 40. 45. 50. 60. 65. 70. 80. 85. 90. 95. 99.
13. 25. 26. 40. 60. 70. 80. 90. 95. 99.
24. 27. 29. 40. 45. 50. 55. 65. 70. 80. 90. 95. 99.
8. 26. 33. 55. 65. 70. 75. 85. 90. 95. 99.
17. 25. 30. 32. 34. 35. 40. 45. 50. 60. 70. 75. 80. 90. 95. 99.
22. 23. 26. 30. 35. 40. 45. 50. 55. 70. 75. 80. 85. 90. 95. 99.
9. 18. 19. 22. 23. 26. 31. 32. 33. 34. 35. 45. 50. 80. 85. 90. 95. 99.
8. 18. 24. 26. 27. 34. 50. 55. 60. 65. 70. 75. 80. 85. 90. 95. 99.
12. 13. 14. 15. 19. 27. 28. 30. 33. 40. 45. 50. 55. 65. 80. 90. 95. 99.
18. 20. 23. 27. 40. 50. 60. 70. 80. 90. 99.
6. 7. 8. 23. 31. 50. 55. 65. 70. 80. 85. 90. 95. 99.
21. 22. 26. 27. 31. 35. 40. 45. 55. 65. 70. 75. 80. 85. 90. 95. 99.
13. 19. 20. 30. 33. 34. 45. 50. 55. 60. 65. 70. 75. 80. 85. 95. 99.
10. 16. 18. 20. 24. 27. 50. 55. 65. 70. 80. 85. 90. 95. 99.
12. 14. 16. 19. 23. 25. 32. 40. 50. 55. 65. 70. 75. 85. 90. 95. 99.
4. 14. 15. 18. 20. 23. 28. 29. 33. 55. 60. 65. 70. 75. 80. 85. 90. 95. 99.
25. 30. 32. 34. 45. 50. 70. 85. 90. 95. 99.
6. 17. 21. 27. 29. 31. 33. 50. 55. 65. 70. 75. 80. 85. 90. 99.
9. 11. 14. 21. 22. 23. 28. 31. 33. 35. 50. 55. 65. 70. 75. 80. 85. 90. 95. 99.
9. 23. 27. 32. 34. 35. 45. 50. 60. 70. 75. 80. 85. 90. 95. 99.
21. 25. 27. 28. 29. 31. 32. 45. 55. 60. 70. 75. 80. 95. 99.
7. 8. 10. 18. 21. 24. 27. 34. 35. 50. 55. 60. 65. 75. 80. 85. 95. 99.
5. 12. 13. 26. 31. 32. 45. 60. 65. 70. 75. 80. 85. 90. 95. 99.
10. 23. 27. 30. 40. 45. 50. 60. 65. 90. 95. 99.
21. 28. 29. 33. 34. 35. 50. 60. 65. 70. 75. 80. 85. 90. 95. 99.
19. 26. 27. 30. 31. 35. 40. 45. 50. 55. 60. 65. 75. 80. 85. 95. 99.
1. 13. 14. 15. 18. 19. 20. 40. 55. 60. 70. 75. 80. 90. 95. 99.
8. 11. 23. 26. 29. 31. 32. 35. 40. 55. 60. 70. 75. 80. 85. 90. 95. 99.
14. 22. 35. 55. 70. 75. 80. 85. 90. 95. 99.
9. 10. 14. 16. 21. 23. 28. 40. 55. 60. 70. 75. 85. 95. 99.
24. 33. 45. 50. 55. 65. 70. 75. 80. 85. 90. 95. 99.
7. 19. 21. 23. 33. 35. 40. 50. 55. 65. 70. 80. 85. 90. 95. 99.
9. 12. 16. 21. 24. 27. 28. 30. 34. 35. 45. 50. 70. 75. 80. 85. 90. 95. 99.
17. 18. 21. 27. 29. 33. 55. 60. 65. 70. 75. 80. 85. 90. 95. 99.
9. 12. 14. 16. 20. 25. 29. 34. 35. 40. 45. 55. 60. 70. 80. 85. 90. 95. 99.
8. 24. 27. 31. 40. 45. 70. 75. 80. 85. 90. 95. 99.
18. 22. 28. 29. 35. 45. 60. 70. 75. 80. 85. 90. 95. 99.
20. 22. 23. 24. 25. 28. 33. 34. 40. 45. 65. 70. 75. 80. 85. 90. 95. 99.
6. 19. 21. 25. 26. 27. 28. 29. 35. 45. 65. 70. 75. 80. 85. 90. 95. 99.
10. 17. 20. 21. 24. 25. 29. 32. 35. 55. 60. 65. 70. 85. 90. 95. 99.
5. 10. 17. 22. 28. 31. 40. 50. 60. 65. 70. 75. 80. 85. 90. 95. 99.
10. 12. 29. 40. 60. 65. 70. 75. 80. 85. 90. 95. 99.
3. 13. 14. 25. 28. 31. 32. 33. 34. 35. 40. 55. 60. 65. 70. 80. 90. 95. 99.
10. 19. 20. 30. 31. 34. 40. 55. 65. 70. 85. 90. 95. 
2. 28. 29. 31. 65. 70. 75. 80. 85. 90. 95. 99.
16. 21. 23. 29. 30. 45. 60. 65. 75. 85. 90. 95. 99.
6. 12. 22. 31. 34. 35. 45. 55. 60. 65. 75. 85. 90. 95. 99.
18. 22. 32. 50. 55. 65. 70. 75. 80. 85. 90. 95. 99.
15. 24. 25. 26. 28. 30. 32. 35. 40. 45. 65. 70. 75. 85. 90. 95. 99.
15. 16. 18. 19. 20. 23. 25. 32. 33. 40. 55. 60. 65. 70. 80. 90. 95. 99.
15. 16. 22. 25. 27. 35. 45. 55. 70. 80. 90. 95. 99.
6. 30. 34. 35. 55. 65. 70. 75. 80. 85. 90. 95. 99.
6. 18. 34. 45. 50. 65. 70. 75. 85. 90. 95. 99.
14. 18. 23. 28. 29. 31. 34. 35. 40. 50. 55. 65. 70. 75. 80. 85. 95. 99.
21. 24. 27. 30. 55. 60. 65. 75. 80. 85. 90. 95. 99.
10. 13. 16. 25. 26. 29. 30. 35. 45. 50. 70. 75. 80. 85. 90. 95. 99.
7. 8. 13. 15. 17. 23. 33. 40. 45. 50. 55. 60. 65. 70. 75. 85. 90. 99.
9. 29. 32. 33. 34. 35. 40. 45. 55. 60. 65. 75. 85. 90. 95. 99.
10. 11. 32. 33. 50. 55. 60. 65. 70. 75. 80. 85. 95. 99.
6. 15. 19. 23. 25. 34. 55. 65. 70. 75. 80. 85. 90. 95. 99.
21. 32. 34. 35. 40. 50. 55. 65. 70. 75. 85. 90. 95. 99.
18. 19. 24. 29. 30. 31. 40. 45. 65. 70. 75. 80. 90. 95. 99.
24. 26. 27. 30. 35. 40. 50. 55. 60. 65. 70. 75. 80. 85. 90. 95. 99.
22. 27. 29. 33. 35. 40. 55. 60. 65. 80. 85. 90. 95. 99.
13. 23. 28. 30. 34. 55. 60. 65. 70. 75. 80. 85. 95. 99.
25. 45. 50. 60. 65. 75. 80. 85. 95. 99.
17. 19. 22. 23. 26. 32. 45. 65. 70. 75. 85. 95. 99.
20. 22. 29. 30. 34. 40. 45. 55. 60. 65. 70. 75. 85. 90. 95. 99.
12. 14. 16. 19. 20. 34. 70. 75. 80. 85. 90. 95. 99.
6. 20. 22. 24. 28. 31. 32. 33. 50. 60. 65. 70. 75. 80. 85. 90. 99.
10. 11. 12. 13. 21. 29. 31. 45. 55. 65. 70. 75. 80. 85. 90. 95. 99.
9. 15. 17. 20. 22. 30. 33. 35. 55. 60. 65. 70. 75. 85. 90. 95. 99.
11. 19. 27. 30. 35. 40. 60. 65. 70. 75. 80. 85. 90. 99.
3. 11. 14. 25. 28. 29. 31. 34. 65. 70. 80. 85. 90. 95. 99.
14. 15. 17. 21. 26. 29. 33. 45. 50. 55. 70. 75. 90. 95. 99.
13. 15. 27. 28. 33. 40. 45. 65. 70. 80. 85. 95. 99.
29. 50. 55. 60. 65. 70. 80. 85. 90. 95. 99.
18. 21. 22. 23. 25. 26. 27. 29. 33. 45. 55. 60. 65. 80. 85. 90. 95. 99.
19. 22. 26. 28. 30. 31. 33. 34. 40. 45. 55. 60. 75. 80. 85. 90. 95. 99.
6. 18. 20. 23. 27. 29. 31. 40. 45. 50. 60. 65. 80. 90. 95. 99.
14. 26. 28. 30. 32. 60. 70. 80. 90. 95. 99.
10. 13. 15. 20. 24. 25. 27. 28. 33. 55. 60. 65. 75. 80. 85. 90. 95. 99.
14. 21. 24. 25. 30. 50. 65. 75. 80. 85. 90. 95. 99.
16. 19. 22. 27. 30. 31. 32. 33. 34. 35. 40. 45. 70. 80. 85. 90. 95. 99.
4. 8. 17. 25. 29. 31. 40. 50. 55. 65. 70. 75. 80. 85. 90. 95. 99.
8. 21. 22. 23. 24. 25. 27. 32. 33. 45. 50. 60. 65. 70. 80. 85. 90. 95. 99.
23. 26. 29. 34. 35. 45. 55. 60. 65. 80. 85. 90. 95. 99.
4. 9. 30. 34. 40. 45. 50. 60. 70. 75. 80. 90. 95. 99.
14. 21. 29. 33. 50. 70. 75. 80. 85. 90. 95. 99.
17. 24. 27. 31. 32. 34. 50. 55. 65. 70. 75. 80. 90. 95. 99.
17. 21. 28. 29. 34. 40. 50. 75. 80. 85. 90. 95. 99.
15. 21. 23. 27. 28. 40. 50. 55. 65. 70. 75. 80. 85. 90. 95. 99.
9. 15. 22. 35. 50. 65. 75. 80. 85. 90. 95. 99.
4. 20. 24. 30. 32. 60. 65. 70. 80. 85. 90. 95. 99.
5. 15. 19. 20. 21. 28. 32. 33. 34. 40. 45. 55. 60. 65. 70. 75. 80. 85. 90. 99.
8. 9. 17. 22. 31. 33. 35. 45. 50. 55. 60. 70. 75. 80. 85. 90. 95. 99.
14. 29. 30. 32. 45. 50. 55. 60. 85. 90. 95. 99.
18. 21. 22. 26. 29. 30. 40. 50. 60. 70. 75. 80. 85. 90. 95. 99.
11. 24. 32. 33. 35. 40. 45. 50. 60. 65. 75. 80. 85. 90. 95. 99.
11. 27. 31. 33. 45. 55. 60. 85. 90. 95. 99.
6. 9. 10. 13. 20. 25. 29. 31. 40. 50. 60. 75. 85. 95. 99.
19. 23. 24. 26. 27. 33. 34. 35. 50. 60. 65. 70. 75. 85. 90. 95. 99.
6. 22. 23. 26. 28. 31. 33. 34. 35. 45. 55. 60. 75. 80. 85. 90. 95. 99.
3. 7. 20. 24. 28. 33. 34. 35. 40. 45. 55. 60. 65. 80. 90. 95. 99.
11. 13. 17. 20. 25. 26. 27. 30. 31. 45. 55. 60. 65. 70. 85. 90. 95. 99.
10. 20. 23. 24. 31. 32. 35. 40. 45. 50. 55. 65. 70. 75. 80. 85. 90. 95. 99.
15. 16. 19. 21. 26. 29. 30. 31. 33. 34. 50. 65. 70. 75. 80. 85. 90. 95. 99.
10. 22. 23. 29. 30. 45. 55. 60. 65. 70. 75. 80. 90. 95. 99.
9. 15. 21. 26. 31. 50. 60. 65. 70. 75. 80. 85. 90. 95. 99.
6. 7. 9. 11. 23. 28. 29. 31. 33. 35. 40. 45. 55. 70. 75. 80. 85. 90. 95. 99.
16. 24. 25. 26. 27. 33. 40. 60. 65. 70. 75. 80. 90. 95. 99.
11. 14. 21. 23. 24. 27. 34. 45. 60. 75. 80. 85. 90. 95. 99.
19. 26. 28. 30. 50. 60. 75. 80. 85. 90. 99.
7. 21. 23. 32. 40. 50. 65. 70. 75. 80. 85. 90. 95. 99.
15. 18. 21. 25. 28. 30. 50. 55. 65. 70. 85. 90. 95. 99.
10. 13. 22. 23. 24. 26. 32. 33. 34. 35. 65. 70. 75. 80. 90. 95. 99.
23. 29. 30. 31. 45. 60. 75. 80. 85. 90. 95. 99.
7. 10. 21. 26. 29. 32. 40. 55. 60. 70. 75. 80. 85. 90. 95. 99.
15. 19. 23. 29. 33. 45. 55. 60. 65. 70. 75. 85. 90. 95. 99.
17. 20. 27. 28. 60. 70. 75. 80. 85. 90. 95. 99.
14. 25. 27. 28. 30. 31. 50. 55. 60. 70. 75. 80. 85. 90. 95. 99.
18. 19. 20. 22. 23. 28. 30. 34. 45. 50. 55. 65. 75. 80. 85. 90. 95. 99.
4. 5. 19. 21. 25. 28. 45. 50. 55. 60. 65. 70. 75. 80. 85. 90. 95. 99.
14. 24. 25. 29. 33. 34. 40. 45. 50. 55. 60. 65. 70. 75. 80. 85. 90. 99.
6. 17. 18. 21. 22. 24. 30. 33. 40. 60. 70. 75. 80. 85. 90. 95. 99.
9. 16. 23. 28. 29. 31. 32. 50. 55. 70. 75. 90. 99.
13. 15. 17. 24. 31. 60. 65. 70. 75. 80. 85. 90. 95. 99.
24. 29. 30. 32. 34. 45. 60. 85. 90. 95. 99.
5. 20. 24. 26. 27. 32. 33. 40. 45. 50. 60. 70. 75. 80. 85. 90. 95. 99.
7. 8. 16. 26. 28. 29. 30. 32. 33. 35. 50. 55. 60. 65. 70. 75. 80. 85. 90. 95. 99.
7. 8. 16. 23. 24. 27. 30. 33. 35. 40. 65. 70. 75. 80. 85. 90. 95. 99.
14. 19. 22. 30. 40. 45. 50. 60. 65. 70. 80. 85. 90. 95. 99.
4. 6. 10. 23. 26. 31. 33. 34. 40. 45. 50. 55. 65. 80. 90. 95. 99.
11. 12. 19. 25. 32. 33. 40. 55. 80. 85. 90. 99.
4. 19. 20. 21. 27. 29. 34. 40. 50. 60. 75. 80. 85. 90. 95. 99.
2. 40. 45. 50. 55. 65. 70. 75. 80. 85. 90. 95. 99.
18. 19. 25. 29. 31. 45. 50. 60. 75. 80. 85. 90. 95. 99.
19. 26. 32. 45. 55. 60. 65. 70. 95. 99.
15. 21. 29. 30. 40. 50. 55. 60. 70. 75. 80. 85. 90. 95. 99.
8. 15. 18. 20. 24. 26. 31. 32. 34. 55. 60. 65. 70. 75. 80. 85. 90. 95. 
4. 5. 7. 18. 29. 32. 34. 35. 45. 55. 60. 65. 70. 75. 80. 85. 90. 95. 99.
4. 16. 19. 20. 22. 24. 26. 32. 45. 50. 55. 60. 65. 85. 90. 95. 99.
10. 11. 17. 26. 28. 29. 32. 33. 45. 55. 60. 65. 70. 75. 90. 95. 99.
22. 24. 31. 32. 33. 34. 40. 60. 70. 80. 85. 90. 95. 99.
8. 12. 19. 22. 25. 27. 32. 33. 35. 40. 45. 60. 70. 75. 90. 95. 99.
1. 20. 25. 27. 31. 32. 40. 45. 55. 60. 70. 75. 80. 85. 90. 95. 99.
13. 16. 22. 27. 31. 55. 60. 75. 80. 90. 95. 99.
7. 16. 18. 20. 21. 22. 26. 29. 50. 55. 60. 65. 70. 75. 85. 90. 95. 99.
25. 31. 33. 35. 50. 55. 75. 80. 85. 90. 95. 99.
11. 12. 19. 24. 40. 45. 50. 55. 60. 75. 80. 85. 90. 95. 99.
9. 12. 16. 21. 27. 35. 40. 55. 60. 75. 80. 85. 90. 95. 99.
6. 17. 20. 23. 24. 25. 26. 30. 34. 75. 80. 85. 90. 95. 99.
3. 8. 16. 25. 29. 35. 40. 45. 60. 65. 75. 80. 85. 90. 95. 99.
14. 21. 24. 34. 35. 50. 55. 60. 65. 85. 90. 95. 99.
10. 13. 19. 20. 26. 27. 30. 31. 40. 45. 70. 75. 85. 90. 95. 99.
19. 26. 29. 50. 60. 65. 70. 75. 80. 85. 90. 95. 99.
14. 16. 17. 29. 40. 45. 50. 55. 65. 70. 85. 90. 95. 99.
14. 28. 33. 34. 40. 50. 55. 60. 65. 70. 75. 80. 85. 90. 95. 99.
10. 24. 25. 27. 28. 32. 60. 65. 70. 75. 80. 85. 95. 99.
9. 24. 27. 28. 30. 35. 40. 45. 55. 60. 65. 70. 80. 85. 90. 95. 99.
23. 26. 27. 34. 45. 60. 65. 70. 75. 80. 85. 90. 95. 99.
8. 18. 23. 24. 27. 28. 33. 34. 40. 50. 55. 70. 75. 80. 85. 90. 95. 99.
7. 13. 17. 19. 32. 40. 50. 55. 70. 75. 80. 85. 90. 95. 99.
12. 25. 27. 30. 35. 40. 75. 80. 85. 90. 95. 99.
18. 19. 22. 29. 30. 31. 34. 45. 50. 70. 80. 85. 90. 95. 99.
14. 16. 32. 35. 40. 50. 60. 65. 70. 80. 85. 90. 95. 99.
4. 18. 25. 26. 27. 30. 31. 45. 50. 60. 65. 70. 75. 80. 85. 90. 95. 99.
5. 17. 29. 31. 32. 35. 40. 45. 55. 65. 70. 75. 80. 85. 90. 95. 99.
11. 18. 21. 23. 29. 32. 40. 50. 55. 65. 70. 75. 80. 85. 90. 95. 99.
22. 27. 31. 33. 34. 40. 55. 60. 65. 70. 75. 85. 90. 95. 99.
9. 11. 12. 13. 20. 22. 32. 34. 50. 55. 60. 70. 80. 85. 90. 95. 99.
12. 19. 21. 24. 31. 60. 65. 70. 80. 85. 90. 95. 99.
6. 16. 19. 24. 26. 27. 28. 34. 40. 55. 60. 65. 70. 75. 80. 85. 90. 95. 99.
12. 15. 25. 26. 29. 30. 33. 34. 40. 60. 65. 70. 75. 85. 95. 99.
17. 25. 30. 31. 35. 40. 55. 60. 65. 80. 85. 90. 95. 99.
10. 17. 19. 26. 32. 33. 34. 40. 45. 55. 65. 70. 75. 80. 85. 90. 95. 99.
12. 13. 17. 22. 24. 27. 29. 30. 32. 35. 50. 55. 60. 70. 75. 80. 90. 95. 99.
12. 17. 22. 25. 31. 32. 33. 34. 40. 60. 75. 80. 85. 95. 99.
17. 23. 24. 27. 40. 50. 70. 75. 80. 85. 90. 95. 99.
7. 26. 34. 40. 60. 65. 70. 75. 80. 85. 90. 95. 99.
13. 17. 24. 31. 34. 45. 50. 60. 65. 70. 80. 85. 90. 95. 99.
7. 12. 16. 22. 31. 33. 34. 40. 45. 65. 70. 75. 80. 90. 95. 99.
10. 11. 12. 15. 16. 17. 21. 27. 28. 32. 33. 40. 50. 60. 70. 75. 80. 90. 95. 99.
4. 25. 40. 50. 55. 60. 65. 70. 75. 80. 85. 90. 95. 99.
13. 14. 15. 16. 22. 30. 34. 35. 45. 50. 55. 60. 65. 70. 80. 85. 90. 95. 99.
25. 27. 31. 35. 40. 55. 60. 65. 70. 75. 85. 90. 95. 99.
2. 7. 9. 18. 27. 33. 35. 50. 55. 60. 65. 70. 75. 85. 90. 95. 99.
25. 26. 29. 32. 33. 34. 45. 65. 70. 85. 90. 95. 99.
18. 24. 25. 31. 34. 35. 55. 60. 65. 70. 75. 80. 85. 95. 99.
11. 28. 29. 40. 50. 55. 70. 75. 80. 85. 90. 95. 99.
15. 23. 26. 32. 40. 55. 65. 70. 80. 85. 95. 99.
11. 14. 17. 20. 22. 31. 33. 35. 45. 50. 55. 75. 80. 85. 90. 95. 99.
22. 24. 25. 26. 31. 50. 55. 60. 65. 70. 75. 90. 95. 99.
18. 21. 27. 30. 35. 45. 55. 60. 70. 75. 80. 85. 90. 95. 99.
6. 23. 25. 26. 29. 30. 33. 45. 60. 65. 75. 80. 85. 90. 95. 99.
4. 8. 12. 15. 23. 31. 45. 50. 55. 65. 70. 75. 80. 85. 90. 95. 99.
9. 23. 25. 26. 31. 32. 35. 45. 50. 55. 60. 65. 80. 85. 90. 95. 99.
26. 27. 30. 35. 45. 50. 55. 65. 70. 85. 90. 95. 99.
20. 23. 28. 29. 34. 35. 40. 50. 75. 80. 85. 90. 95. 99.
6. 7. 19. 22. 24. 25. 26. 31. 50. 55. 60. 65. 95. 99.
9. 18. 32. 33. 40. 45. 75. 80. 85. 90. 95. 99.
8. 18. 19. 23. 24. 26. 28. 35. 45. 60. 65. 70. 75. 80. 85. 90. 95. 99.
4. 10. 21. 23. 24. 34. 55. 60. 65. 80. 90. 95. 99.
4. 12. 50. 60. 70. 75. 80. 85. 90. 99.
16. 33. 34. 35. 40. 50. 65. 75. 80. 85. 90. 95. 99.
14. 19. 20. 26. 31. 33. 34. 35. 65. 70. 80. 85. 90. 95. 99.
2. 15. 18. 22. 25. 26. 28. 30. 34. 40. 45. 50. 60. 65. 75. 85. 90. 95. 99.
5. 7. 20. 21. 23. 24. 26. 28. 31. 45. 55. 60. 65. 70. 75. 85. 90. 95. 99.
10. 16. 18. 19. 27. 32. 35. 50. 65. 70. 75. 85. 95. 99.
23. 25. 34. 65. 70. 75. 85. 90. 95. 99.
23. 34. 60. 80. 85. 90. 95. 99.
28. 31. 40. 45. 60. 70. 75. 85. 90. 95. 99.
10. 17. 18. 21. 29. 31. 32. 33. 35. 45. 50. 60. 65. 70. 75. 80. 85. 90. 95. 99.
7. 10. 14. 17. 23. 29. 31. 34. 35. 40. 60. 70. 75. 85. 90. 95. 99.
11. 20. 23. 29. 31. 35. 50. 55. 60. 65. 70. 80. 85. 90. 95. 99.
6. 9. 12. 15. 18. 19. 23. 25. 26. 30. 31. 33. 40. 45. 55. 60. 65. 80. 85. 90. 95. 99.
16. 17. 25. 26. 27. 31. 33. 34. 45. 70. 75. 80. 85. 90. 95. 99.
2. 12. 21. 27. 28. 31. 35. 40. 50. 55. 60. 65. 70. 75. 80. 85. 90. 99.
14. 17. 19. 20. 26. 27. 33. 35. 40. 45. 55. 65. 70. 80. 85. 90. 95. 99.
17. 21. 22. 25. 26. 27. 34. 35. 45. 65. 70. 75. 85. 90. 95. 99.
17. 20. 23. 27. 28. 31. 33. 35. 40. 45. 55. 60. 75. 85. 90. 95. 99.
11. 16. 23. 33. 35. 55. 60. 65. 75. 80. 85. 90. 99.
16. 24. 26. 30. 33. 35. 50. 55. 70. 75. 80. 85. 90. 99.
16. 18. 29. 33. 40. 45. 50. 60. 65. 75. 80. 85. 90. 95. 99.
5. 11. 12. 19. 21. 24. 26. 28. 32. 45. 60. 65. 70. 75. 80. 85. 90. 95. 99.
21. 22. 26. 29. 30. 40. 45. 50. 55. 65. 70. 75. 80. 85. 90. 95. 99.
9. 15. 17. 22. 24. 25. 28. 30. 31. 32. 34. 40. 45. 50. 65. 75. 85. 90. 95. 99.
8. 9. 16. 22. 28. 29. 30. 35. 45. 55. 70. 75. 80. 90. 95. 99.
10. 21. 24. 25. 26. 33. 35. 40. 55. 60. 65. 70. 75. 80. 90. 95. 99.
18. 21. 28. 35. 50. 55. 60. 65. 70. 75. 80. 85. 90. 95. 99.
15. 19. 21. 31. 33. 60. 65. 70. 75. 85. 90. 95. 99.
8. 11. 14. 16. 17. 28. 33. 35. 55. 60. 65. 70. 75. 85. 95. 99.
16. 18. 27. 30. 50. 55. 75. 85. 90. 95. 99.
26. 28. 31. 34. 35. 40. 60. 65. 70. 75. 80. 85. 90. 95. 99.
25. 26. 32. 35. 40. 45. 55. 70. 75. 80. 85. 90. 95. 99.
13. 21. 22. 28. 34. 50. 55. 65. 70. 75. 80. 85. 90. 95. 99.
14. 22. 26. 28. 34. 40. 55. 60. 65. 70. 85. 90. 95. 99.
5. 10. 17. 21. 30. 32. 34. 35. 50. 70. 80. 85. 90. 95. 99.
8. 13. 17. 24. 26. 28. 29. 30. 32. 40. 45. 50. 55. 75. 85. 90. 95. 99.
24. 26. 31. 33. 40. 45. 50. 55. 65. 70. 75. 85. 90. 95. 99.
19. 23. 28. 34. 35. 65. 70. 80. 85. 90. 95. 99.
15. 21. 22. 24. 26. 28. 31. 34. 35. 45. 50. 55. 60. 65. 70. 75. 80. 85. 90. 95. 99.
19. 35. 50. 80. 85. 90. 95. 99.
25. 26. 28. 35. 45. 55. 65. 70. 75. 80. 85. 90. 95. 99.
17. 20. 26. 31. 34. 35. 45. 50. 55. 65. 70. 75. 80. 85. 90. 95. 99.
11. 20. 22. 27. 28. 30. 31. 45. 50. 65. 70. 75. 90. 95. 99.
4. 16. 17. 24. 25. 26. 30. 32. 50. 70. 75. 80. 85. 90. 95. 99.
22. 23. 25. 26. 30. 35. 60. 65. 70. 75. 80. 85. 90. 95. 99.
3. 10. 12. 28. 30. 32. 40. 50. 60. 65. 70. 80. 85. 90. 95. 99.
6. 12. 23. 27. 29. 33. 34. 40. 50. 70. 75. 80. 85. 90. 95. 99.
23. 24. 27. 33. 40. 45. 60. 65. 80. 85. 90. 95. 99.
19. 21. 24. 25. 29. 35. 50. 55. 60. 70. 80. 85. 90. 95. 99.
20. 22. 25. 30. 34. 40. 50. 60. 65. 70. 75. 80. 85. 90. 95. 99.
4. 15. 24. 34. 45. 50. 55. 60. 70. 80. 85. 90. 95. 99.
9. 12. 14. 27. 29. 34. 35. 40. 45. 80. 90. 95. 99.
1. 14. 20. 24. 26. 31. 40. 45. 50. 55. 60. 80. 85. 90. 95. 99.
9. 13. 23. 25. 29. 31. 34. 40. 50. 60. 65. 70. 75. 80. 85. 90. 95. 99.
9. 22. 25. 26. 32. 34. 40. 50. 55. 60. 70. 75. 80. 85. 90. 95. 99.
23. 33. 34. 65. 70. 75. 80. 85. 95. 99.
3. 5. 8. 11. 18. 21. 22. 32. 40. 55. 60. 70. 75. 85. 90. 95. 99.
18. 24. 31. 45. 50. 55. 80. 85. 90. 95. 99.
17. 18. 22. 25. 26. 28. 40. 45. 50. 55. 60. 70. 80. 85. 90. 95. 99.
12. 21. 24. 25. 28. 29. 32. 34. 35. 40. 45. 55. 60. 70. 75. 80. 85. 95. 99.
3. 21. 29. 31. 33. 34. 45. 60. 70. 75. 80. 85. 90. 95. 99.
5. 15. 20. 26. 27. 34. 45. 55. 60. 65. 70. 80. 85. 90. 95. 99.
15. 24. 25. 26. 27. 30. 31. 60. 65. 70. 75. 80. 85. 90. 95. 99.
10. 18. 27. 31. 32. 60. 70. 75. 80. 85. 90. 95. 99.
5. 12. 19. 20. 21. 27. 33. 35. 40. 55. 60. 65. 70. 75. 80. 85. 90. 95. 99.
4. 12. 22. 27. 29. 32. 34. 40. 45. 60. 70. 85. 90. 95. 99.
8. 9. 13. 21. 23. 33. 34. 40. 50. 55. 60. 65. 70. 80. 85. 90. 95. 99.
16. 19. 22. 24. 25. 26. 27. 30. 40. 45. 60. 65. 70. 80. 85. 90. 95. 99.
5. 18. 24. 30. 31. 55. 60. 70. 85. 90. 95. 99.
9. 12. 18. 22. 23. 29. 32. 40. 45. 55. 65. 70. 75. 85. 90. 95. 99.
4. 10. 25. 27. 28. 31. 34. 40. 45. 65. 70. 75. 95. 99.
55. 60. 65. 80. 85. 90. 95. 99.
14. 28. 30. 35. 45. 55. 70. 75. 85. 95. 99.
23. 24. 26. 30. 31. 34. 45. 50. 65. 80. 85. 90. 95. 99.
13. 22. 27. 29. 30. 40. 45. 55. 65. 70. 75. 80. 85. 90. 95. 99.
26. 35. 60. 65. 70. 75. 80. 85. 90. 95. 99.
6. 14. 18. 25. 28. 29. 32. 35. 40. 45. 50. 55. 60. 65. 70. 75. 85. 90. 95. 99.
11. 15. 20. 23. 27. 29. 33. 34. 45. 55. 65. 70. 75. 80. 85. 90. 95. 99.
15. 20. 22. 26. 27. 30. 34. 45. 60. 65. 75. 80. 85. 90. 95. 99.
7. 20. 23. 26. 31. 32. 40. 50. 60. 70. 75. 80. 85. 90. 95. 99.
16. 21. 28. 30. 31. 40. 45. 50. 55. 60. 65. 75. 80. 85. 90. 95. 99.
10. 14. 15. 20. 22. 27. 32. 35. 40. 45. 65. 70. 75. 85. 90. 95. 99.
4. 13. 15. 18. 20. 21. 24. 26. 29. 40. 45. 55. 70. 80. 85. 90. 95. 99.
13. 29. 34. 35. 45. 50. 60. 70. 85. 95. 99.
12. 15. 19. 23. 25. 32. 33. 34. 35. 50. 70. 75. 80. 85. 90. 99.
9. 18. 19. 21. 22. 24. 25. 31. 32. 33. 45. 60. 65. 85. 90. 95. 99.
5. 17. 25. 32. 33. 40. 50. 55. 60. 65. 70. 85. 90. 95. 99.
13. 16. 21. 23. 31. 32. 40. 60. 65. 70. 80. 85. 90. 95. 99.
12. 16. 17. 21. 23. 26. 27. 40. 50. 60. 70. 75. 80. 90. 95. 99.
8. 17. 21. 29. 35. 60. 65. 70. 80. 90. 95. 99.
2. 13. 15. 16. 27. 28. 34. 35. 40. 45. 50. 65. 80. 85. 90. 95. 99.
8. 9. 13. 18. 21. 24. 25. 26. 30. 33. 45. 50. 65. 70. 75. 90. 95. 99.
4. 11. 14. 19. 20. 21. 26. 29. 40. 45. 60. 75. 80. 85. 90. 95. 99.
17. 21. 23. 24. 30. 33. 34. 50. 55. 70. 80. 85. 90. 95. 99.
16. 17. 21. 22. 23. 24. 26. 28. 30. 31. 35. 65. 70. 75. 90. 95. 99.
15. 21. 40. 50. 75. 80. 85. 90. 95. 99.
19. 23. 26. 27. 28. 50. 55. 65. 80. 90. 95. 99.
21. 25. 30. 32. 35. 55. 60. 65. 75. 80. 85. 90. 95. 99.
19. 23. 25. 28. 29. 30. 34. 35. 45. 55. 70. 75. 85. 95. 99.
21. 31. 33. 40. 45. 50. 55. 60. 65. 70. 75. 80. 85. 90. 95. 99.
21. 23. 32. 40. 50. 60. 65. 70. 75. 80. 90. 95. 99.
8. 18. 19. 21. 24. 26. 35. 55. 70. 75. 80. 85. 90. 95. 99.
9. 25. 28. 31. 32. 34. 40. 60. 70. 75. 80. 85. 90. 95. 99.
15. 27. 32. 50. 55. 65. 70. 75. 80. 85. 90. 95. 99.
11. 20. 31. 33. 34. 60. 65. 70. 75. 80. 85. 90. 95. 99.
2. 11. 16. 21. 55. 60. 65. 70. 75. 80. 85. 90. 95. 99.
2. 21. 24. 28. 30. 33. 34. 45. 55. 65. 75. 80. 90. 95. 99.
15. 18. 30. 35. 45. 50. 60. 65. 80. 85. 90. 95. 99.
14. 16. 20. 26. 27. 30. 34. 40. 45. 60. 65. 70. 75. 80. 85. 90. 95. 99.
29. 32. 33. 34. 40. 45. 50. 60. 70. 75. 80. 85. 90. 95. 99.
21. 24. 34. 50. 55. 60. 75. 80. 90. 95. 99.
2. 9. 14. 15. 16. 18. 21. 40. 45. 50. 55. 65. 70. 75. 80. 85. 90. 95. 99.
7. 19. 24. 30. 32. 35. 50. 65. 70. 75. 80. 85. 90. 95. 99.
17. 18. 26. 28. 29. 32. 33. 34. 55. 75. 80. 85. 95. 99.
13. 23. 25. 31. 32. 45. 50. 65. 70. 75. 85. 90. 95. 99.
22. 26. 34. 40. 45. 65. 70. 75. 80. 85. 90. 95. 99.
16. 17. 21. 31. 33. 34. 40. 45. 60. 65. 70. 75. 80. 85. 95. 99.
15. 19. 23. 25. 28. 30. 31. 33. 34. 45. 50. 60. 70. 75. 80. 85. 90. 95. 99.
15. 30. 32. 40. 65. 70. 75. 80. 90. 95. 99.
10. 15. 20. 28. 29. 34. 35. 40. 55. 60. 65. 70. 75. 80. 90. 95. 99.
19. 22. 27. 31. 34. 35. 60. 70. 75. 80. 85. 90. 95. 99.
8. 27. 29. 45. 50. 55. 60. 70. 80. 85. 90. 95. 99.
7. 16. 17. 20. 21. 25. 31. 35. 50. 55. 70. 75. 80. 85. 90. 95. 99.
24. 26. 28. 30. 35. 50. 55. 70. 75. 80. 90. 95. 99.
2. 6. 13. 18. 20. 23. 24. 31. 34. 45. 50. 60. 85. 90. 95. 99.
2. 11. 15. 16. 17. 18. 21. 22. 23. 30. 32. 34. 45. 55. 65. 75. 80. 85. 90. 95. 99.
4. 32. 35. 60. 65. 70. 75. 80. 85. 90. 95. 99.
17. 23. 25. 30. 31. 33. 34. 40. 55. 70. 80. 85. 90. 95. 99.
11. 15. 16. 22. 26. 27. 28. 32. 65. 70. 75. 80. 85. 90. 95. 99.
16. 20. 27. 28. 31. 40. 50. 65. 70. 75. 80. 85. 90. 95. 99.
15. 16. 20. 24. 32. 35. 45. 50. 55. 70. 75. 80. 90. 95. 99.
7. 16. 22. 26. 27. 29. 31. 33. 34. 45. 50. 60. 65. 70. 75. 80. 85. 90. 95. 99.
8. 20. 23. 25. 34. 35. 50. 55. 60. 65. 70. 75. 80. 85. 90. 95. 99.
11. 17. 18. 23. 29. 30. 34. 35. 40. 50. 55. 60. 70. 75. 80. 85. 90. 95. 99.
15. 16. 19. 25. 27. 28. 30. 34. 40. 50. 60. 65. 75. 85. 90. 95. 99.
5. 17. 18. 27. 30. 33. 34. 40. 50. 70. 75. 80. 85. 90. 95. 99.
7. 11. 21. 23. 25. 27. 30. 32. 45. 50. 60. 65. 75. 80. 85. 90. 95. 99.
12. 13. 14. 17. 23. 27. 40. 45. 50. 65. 80. 85. 90. 95. 99.
5. 14. 26. 27. 29. 31. 40. 45. 55. 70. 75. 80. 85. 90. 95. 99.
4. 13. 15. 25. 26. 29. 33. 55. 60. 75. 90. 95. 99.
2. 24. 27. 30. 31. 45. 55. 60. 65. 70. 75. 80. 85. 90. 95. 99.
13. 21. 23. 30. 45. 50. 60. 65. 80. 85. 90. 95. 99.
5. 33. 35. 45. 50. 60. 65. 70. 75. 80. 85. 90. 95. 99.
15. 23. 24. 25. 26. 29. 31. 40. 50. 65. 70. 75. 80. 90. 95. 99.
12. 18. 22. 23. 27. 28. 33. 40. 50. 55. 60. 65. 75. 80. 85. 90. 95. 99.
14. 15. 16. 22. 31. 32. 34. 40. 65. 75. 80. 85. 90. 95. 99.
10. 11. 12. 13. 15. 30. 31. 33. 35. 40. 45. 50. 55. 60. 65. 70. 75. 80. 85. 90. 95. 99.
5. 9. 15. 17. 23. 25. 27. 55. 65. 75. 80. 85. 99.
3. 20. 24. 28. 30. 33. 45. 55. 60. 80. 85. 90. 95. 99.
9. 18. 19. 20. 22. 24. 32. 33. 35. 60. 65. 75. 80. 85. 90. 95. 99.
17. 21. 23. 24. 29. 32. 35. 40. 45. 60. 65. 85. 90. 95. 99.
25. 26. 27. 28. 29. 31. 35. 45. 60. 65. 70. 75. 90. 95. 99.
19. 20. 21. 23. 25. 28. 30. 31. 32. 40. 55. 60. 65. 75. 80. 85. 90. 95. 99.
2. 12. 13. 18. 20. 21. 25. 28. 29. 33. 35. 40. 45. 70. 75. 85. 90. 95. 99.
3. 26. 28. 29. 30. 32. 40. 50. 55. 65. 70. 80. 85. 90. 99.
9. 20. 21. 24. 26. 29. 33. 45. 50. 60. 65. 70. 75. 80. 85. 90. 95. 99.
13. 17. 28. 30. 31. 33. 40. 55. 60. 65. 70. 75. 85. 90. 95. 99.
7. 19. 24. 28. 33. 35. 45. 50. 55. 60. 70. 75. 80. 85. 90. 95. 99.
15. 24. 26. 31. 34. 35. 45. 50. 65. 75. 90. 95. 99.
16. 21. 27. 29. 30. 32. 45. 60. 65. 70. 75. 80. 85. 95. 99.
14. 17. 20. 25. 26. 28. 35. 55. 60. 65. 75. 80. 85. 90. 95. 99.
8. 10. 24. 27. 28. 35. 45. 55. 60. 65. 70. 80. 85. 90. 95. 99.
15. 24. 25. 26. 31. 32. 33. 34. 35. 50. 55. 60. 65. 70. 75. 80. 90. 95. 99.
25. 26. 27. 33. 34. 35. 45. 50. 60. 65. 70. 75. 80. 85. 90. 95. 99.
13. 14. 15. 23. 24. 30. 40. 45. 55. 60. 65. 70. 75. 80. 85. 90. 95. 99.
9. 25. 31. 32. 45. 50. 55. 60. 70. 85. 90. 95. 99.
14. 25. 27. 30. 33. 40. 55. 60. 65. 70. 75. 80. 85. 90. 95. 99.
19. 32. 33. 35. 40. 60. 65. 70. 80. 85. 90. 95. 99.
13. 18. 19. 25. 30. 35. 40. 55. 60. 65. 70. 75. 80. 85. 95. 99.
18. 19. 23. 27. 29. 33. 50. 70. 80. 85. 90. 95. 99.
12. 17. 21. 27. 28. 29. 31. 33. 34. 40. 45. 55. 65. 85. 95. 99.
10. 14. 17. 27. 28. 30. 32. 35. 50. 60. 70. 75. 80. 85. 90. 99.
17. 29. 31. 32. 33. 34. 45. 65. 70. 75. 80. 85. 90. 95. 99.
6. 14. 18. 26. 27. 33. 34. 45. 50. 55. 60. 65. 75. 95. 99.
18. 23. 24. 29. 32. 33. 45. 55. 60. 65. 70. 75. 80. 90. 95. 99.
10. 11. 21. 24. 60. 65. 70. 75. 80. 85. 90. 95. 99.
12. 14. 17. 21. 29. 32. 50. 55. 60. 65. 75. 80. 90. 95. 99.
12. 14. 18. 20. 21. 22. 23. 26. 28. 50. 70. 75. 80. 85. 95. 99.
9. 12. 15. 25. 31. 45. 55. 60. 65. 70. 80. 85. 95. 99.
13. 21. 25. 26. 28. 30. 31. 32. 40. 60. 70. 75. 85. 90. 95. 99.
27. 30. 32. 40. 45. 55. 60. 85. 90. 95. 99.
3. 8. 11. 14. 24. 35. 50. 60. 65. 70. 75. 85. 95. 99.
22. 23. 26. 27. 28. 29. 34. 35. 45. 65. 70. 75. 80. 85. 90. 95. 99.
8. 14. 18. 26. 28. 31. 60. 80. 85. 90. 95. 99.
14. 18. 19. 20. 24. 26. 30. 31. 32. 33. 34. 50. 55. 65. 85. 90. 95. 99.
21. 22. 27. 31. 32. 40. 55. 65. 70. 75. 85. 90. 99.
8. 17. 18. 23. 24. 31. 40. 60. 65. 70. 75. 80. 85. 90. 95. 99.
4. 13. 14. 16. 18. 24. 25. 26. 28. 31. 35. 40. 45. 55. 65. 70. 75. 80. 90. 95. 99.
16. 19. 23. 27. 28. 29. 33. 45. 50. 65. 70. 75. 80. 90. 95. 99.
3. 18. 26. 28. 31. 32. 33. 35. 45. 50. 55. 60. 75. 80. 85. 90. 95. 99.
19. 23. 33. 35. 40. 50. 55. 65. 70. 80. 90. 95. 99.
22. 24. 27. 32. 33. 34. 35. 45. 55. 60. 65. 75. 85. 90. 95. 99.
19. 20. 24. 27. 31. 32. 40. 50. 65. 70. 75. 80. 85. 90. 95. 99.
16. 22. 25. 27. 29. 30. 35. 50. 55. 65. 70. 80. 90. 95. 99.
6. 8. 20. 21. 23. 24. 25. 29. 40. 50. 60. 65. 75. 80. 85. 90. 95. 99.
10. 23. 34. 55. 60. 65. 70. 75. 80. 85. 90. 95. 99.
7. 9. 16. 21. 22. 29. 40. 45. 50. 55. 60. 65. 70. 75. 80. 85. 90. 95. 99.
13. 20. 26. 28. 30. 34. 40. 50. 55. 70. 75. 85. 90. 99.
14. 20. 23. 25. 26. 27. 28. 31. 33. 34. 50. 55. 60. 80. 85. 90. 95. 99.
11. 21. 22. 32. 33. 65. 70. 75. 80. 85. 90. 95. 99.
4. 5. 6. 11. 23. 29. 30. 31. 33. 40. 45. 50. 55. 60. 65. 70. 75. 85. 90. 95. 99.
14. 18. 22. 23. 34. 35. 40. 45. 55. 60. 65. 80. 85. 90. 95. 99.
7. 14. 22. 23. 24. 30. 31. 33. 45. 50. 70. 80. 85. 90. 95. 99.
4. 6. 25. 26. 27. 31. 35. 40. 45. 50. 55. 65. 70. 75. 80. 85. 90. 95. 99.
13. 18. 23. 25. 26. 29. 32. 33. 34. 40. 45. 75. 85. 90. 95. 99.
13. 20. 23. 40. 45. 55. 60. 70. 80. 85. 90. 95. 99.
9. 11. 25. 26. 27. 29. 31. 32. 34. 40. 50. 55. 60. 65. 80. 85. 90. 95. 99.
1. 14. 25. 26. 32. 34. 35. 45. 60. 65. 75. 95. 99.
9. 27. 35. 40. 45. 60. 70. 75. 80. 85. 90. 95. 99.
16. 18. 26. 30. 34. 55. 60. 65. 75. 85. 90. 95. 99.
9. 16. 21. 24. 25. 32. 45. 50. 55. 60. 65. 70. 75. 80. 85. 95. 99.
7. 17. 21. 27. 28. 29. 40. 50. 55. 60. 75. 85. 90. 95. 99.
10. 15. 20. 22. 23. 28. 30. 32. 40. 45. 50. 55. 65. 70. 75. 80. 85. 90. 95. 99.
11. 18. 22. 25. 26. 28. 29. 32. 45. 55. 60. 70. 75. 80. 85. 90. 95. 99.
9. 25. 29. 30. 31. 32. 34. 35. 50. 55. 60. 75. 85. 90. 95. 99.
10. 11. 17. 21. 23. 26. 27. 28. 55. 60. 65. 70. 75. 80. 85. 90. 95. 99.
18. 21. 23. 26. 27. 29. 35. 45. 60. 65. 70. 75. 80. 85. 90. 95. 99.
16. 19. 26. 27. 35. 55. 60. 65. 70. 75. 80. 85. 90. 95. 99.
11. 17. 19. 23. 25. 27. 33. 40. 50. 55. 60. 70. 75. 80. 85. 90. 95. 99.
27. 28. 30. 31. 32. 40. 50. 60. 65. 70. 85. 90. 99.
7. 12. 14. 17. 18. 21. 25. 28. 35. 40. 55. 60. 65. 70. 75. 85. 90. 95. 99.
34. 35. 45. 50. 55. 60. 65. 80. 85. 99.
14. 19. 22. 27. 28. 31. 34. 40. 60. 65. 75. 85. 90. 95. 99.
9. 11. 20. 23. 25. 27. 40. 45. 65. 70. 75. 80. 85. 90. 95. 99.
4. 9. 10. 17. 25. 27. 28. 30. 32. 33. 35. 50. 55. 60. 70. 85. 90. 95. 99.
