16. 17. 18. 21. 22. 30. 34. 35. 50. 55. 65. 75. 80. 85. 90. 95. 99.
9. 15. 27. 29. 30. 31. 32. 34. 35. 40. 45. 50. 60. 65. 70. 75. 80. 85. 90. 95. 99.
3. 17. 20. 25. 35. 40. 50. 65. 75. 90. 95. 99.
15. 30. 31. 33. 34. 35. 40. 60. 65. 70. 75. 80. 90. 95. 99.
10. 17. 20. 24. 32. 33. 40. 50. 60. 65. 70. 75. 80. 85. 95. 99.
12. 19. 25. 28. 31. 35. 50. 75. 85. 90. 95. 99.
9. 16. 19. 33. 35. 40. 45. 60. 65. 70. 75. 80. 85. 90. 95. 99.
7. 14. 15. 19. 21. 24. 27. 28. 30. 40. 50. 60. 65. 70. 75. 80. 85. 90. 95. 99.
1. 9. 12. 18. 21. 22. 31. 33. 40. 45. 55. 70. 75. 80. 85. 90. 95. 99.
10. 20. 26. 31. 45. 65. 75. 85. 90. 95. 99.
12. 13. 17. 19. 22. 29. 50. 55. 60. 70. 75. 80. 85. 90. 95. 99.
11. 12. 23. 24. 28. 30. 34. 55. 60. 70. 75. 80. 85. 95. 99.
10. 23. 26. 30. 45. 50. 60. 65. 70. 75. 80. 85. 90. 95. 99.
15. 16. 17. 18. 26. 27. 29. 34. 40. 50. 55. 70. 75. 80. 85. 90. 95. 99.
6. 9. 13. 20. 30. 45. 65. 75. 80. 85. 90. 99.
10. 13. 24. 28. 31. 34. 35. 45. 50. 55. 60. 65. 70. 80. 90. 95. 99.
3. 5. 25. 31. 32. 34. 35. 50. 80. 85. 90. 95. 99.
16. 22. 23. 28. 40. 45. 50. 55. 60. 70. 80. 85. 90. 95. 99.
5. 11. 15. 16. 22. 23. 27. 30. 32. 33. 35. 50. 55. 65. 70. 75. 80. 85. 90. 95. 99.
18. 20. 22. 23. 25. 30. 31. 34. 40. 45. 50. 55. 60. 75. 80. 85. 90. 95. 99.
20. 24. 25. 26. 30. 31. 35. 50. 55. 60. 65. 70. 80. 90. 95. 99.
7. 8. 9. 14. 21. 23. 26. 30. 31. 45. 65. 70. 85. 90. 95. 99.
9. 18. 22. 24. 27. 29. 31. 32. 45. 60. 65. 70. 75. 80. 85. 90. 95. 99.
4. 18. 21. 24. 25. 27. 29. 31. 33. 34. 60. 80. 85. 90. 95. 99.
8. 28. 29. 30. 33. 35. 50. 55. 60. 65. 70. 75. 85. 90. 95. 99.
19. 25. 26. 29. 31. 32. 33. 34. 40. 50. 55. 60. 65. 70. 75. 80. 85. 90. 95. 99.
8. 14. 16. 18. 19. 23. 26. 35. 50. 60. 75. 85. 90. 95. 99.
11. 12. 18. 22. 24. 28. 31. 33. 45. 55. 60. 65. 70. 80. 85. 90. 95. 99.
19. 25. 27. 28. 34. 35. 70. 75. 85. 90. 95. 99.
8. 11. 15. 18. 19. 25. 32. 34. 35. 55. 60. 65. 70. 80. 85. 95. 99.
15. 19. 24. 29. 31. 33. 34. 50. 55. 65. 70. 75. 80. 85. 90. 95. 99.
4. 10. 22. 24. 27. 28. 55. 65. 70. 75. 80. 85. 90. 99.
13. 14. 17. 23. 25. 28. 30. 32. 34. 35. 50. 55. 60. 65. 70. 75. 80. 90. 95. 99.
15. 25. 28. 34. 50. 55. 60. 70. 75. 80. 85. 90. 99.
13. 18. 21. 23. 25. 34. 60. 75. 80. 85. 90. 95. 99.
13. 14. 18. 27. 28. 29. 33. 35. 50. 65. 70. 75. 85. 90. 95. 99.
17. 26. 30. 32. 45. 55. 60. 65. 70. 75. 80. 85. 90. 95. 99.
23. 28. 29. 32. 40. 45. 50. 55. 60. 75. 80. 85. 90. 95. 99.
2. 12. 18. 20. 24. 28. 30. 33. 45. 55. 65. 80. 85. 90. 95. 99.
11. 14. 19. 20. 21. 22. 25. 27. 31. 32. 45. 50. 60. 65. 70. 75. 80. 90. 95. 99.
31. 32. 33. 35. 45. 50. 60. 70. 80. 85. 90. 95. 99.
9. 22. 28. 31. 35. 45. 50. 55. 65. 70. 75. 80. 85. 90. 95. 
12. 13. 15. 22. 27. 31. 32. 33. 34. 55. 60. 65. 70. 75. 80. 85. 90. 95. 99.
28. 35. 40. 55. 60. 65. 80. 90. 95. 99.
6. 9. 16. 18. 19. 21. 23. 29. 34. 55. 60. 65. 70. 75. 80. 85. 90. 95. 99.
22. 23. 25. 33. 34. 40. 55. 60. 65. 70. 75. 85. 99.
8. 18. 25. 28. 40. 45. 50. 60. 75. 80. 85. 90. 95. 99.
16. 18. 21. 33. 34. 40. 50. 55. 60. 65. 75. 80. 85. 90. 95. 99.
19. 21. 45. 50. 55. 65. 70. 75. 80. 85. 95. 99.
3. 10. 13. 16. 21. 22. 25. 26. 33. 50. 65. 70. 75. 80. 85. 90. 95. 99.
10. 19. 26. 28. 32. 40. 45. 50. 65. 70. 80. 95. 99.
29. 40. 60. 70. 75. 85. 95. 99.
10. 17. 29. 34. 50. 60. 65. 80. 85. 90. 95. 99.
18. 20. 30. 31. 33. 35. 40. 45. 65. 70. 75. 80. 85. 90. 95. 99.
21. 22. 23. 25. 26. 27. 28. 32. 34. 45. 50. 55. 60. 65. 75. 85. 90. 95. 99.
8. 13. 24. 25. 31. 32. 35. 40. 45. 50. 60. 65. 70. 80. 85. 90. 95. 99.
9. 13. 25. 35. 40. 45. 50. 55. 60. 70. 75. 80. 90. 95. 99.
16. 23. 25. 27. 31. 33. 45. 50. 60. 65. 75. 80. 85. 90. 95. 99.
7. 11. 17. 19. 20. 23. 25. 26. 29. 40. 45. 60. 75. 80. 85. 90. 99.
16. 20. 32. 33. 34. 55. 65. 75. 80. 85. 90. 95. 99.
23. 32. 40. 45. 50. 55. 60. 65. 70. 75. 80. 85. 90. 95. 99.
5. 7. 10. 12. 15. 17. 18. 20. 25. 26. 31. 32. 33. 34. 50. 60. 65. 70. 80. 85. 90. 95. 99.
17. 20. 21. 25. 26. 29. 34. 45. 50. 65. 75. 85. 95. 99.
14. 15. 20. 32. 33. 35. 50. 60. 75. 80. 85. 90. 95. 99.
12. 22. 27. 28. 29. 31. 34. 35. 40. 45. 60. 65. 70. 75. 85. 90. 95. 99.
15. 16. 18. 23. 25. 32. 34. 35. 45. 55. 65. 70. 80. 85. 90. 95. 99.
16. 24. 29. 50. 65. 80. 85. 90. 95. 99.
10. 14. 17. 19. 22. 28. 35. 45. 60. 65. 70. 75. 80. 85. 90. 95. 99.
11. 12. 15. 23. 26. 30. 32. 33. 35. 55. 60. 65. 70. 75. 85. 90. 95. 99.
9. 27. 29. 40. 60. 65. 70. 85. 90. 95. 99.
11. 13. 15. 19. 24. 31. 32. 35. 40. 45. 55. 60. 65. 70. 75. 80. 85. 90. 95. 99.
15. 18. 28. 29. 31. 32. 33. 35. 40. 55. 65. 70. 75. 80. 85. 90. 95. 99.
7. 21. 31. 45. 80. 85. 90. 95. 99.
7. 13. 19. 21. 23. 25. 31. 32. 40. 60. 65. 80. 85. 90. 95. 99.
15. 17. 18. 26. 30. 32. 33. 40. 45. 50. 55. 60. 65. 75. 80. 85. 90. 95. 99.
18. 20. 27. 33. 35. 40. 50. 55. 60. 65. 70. 75. 80. 85. 90. 95. 99.
12. 25. 35. 40. 65. 70. 80. 90. 
12. 18. 27. 28. 35. 50. 65. 70. 75. 80. 85. 90. 95. 99.
11. 15. 23. 28. 32. 50. 65. 70. 75. 80. 85. 90. 95. 99.
10. 14. 16. 21. 24. 29. 55. 70. 75. 80. 85. 90. 95. 99.
9. 12. 18. 19. 31. 32. 50. 55. 60. 80. 85. 90. 95. 99.
16. 19. 24. 33. 34. 35. 45. 55. 60. 65. 75. 80. 85. 90. 95. 99.
9. 10. 18. 23. 25. 26. 28. 31. 55. 65. 75. 80. 85. 90. 95. 99.
19. 22. 28. 30. 32. 35. 55. 60. 80. 85. 90. 95. 99.
14. 18. 27. 28. 29. 40. 60. 70. 75. 80. 85. 90. 95. 99.
10. 13. 26. 30. 33. 60. 65. 70. 75. 80. 90. 95. 99.
9. 19. 20. 23. 24. 26. 28. 29. 30. 31. 50. 60. 65. 70. 75. 85. 90. 95. 99.
7. 14. 19. 23. 26. 28. 29. 30. 31. 40. 60. 65. 75. 80. 85. 90. 95. 99.
4. 15. 19. 26. 27. 28. 30. 33. 35. 40. 50. 55. 65. 75. 80. 85. 90. 95. 99.
7. 16. 19. 27. 28. 29. 33. 34. 35. 45. 50. 60. 65. 75. 85. 90. 95. 99.
7. 11. 13. 19. 21. 28. 34. 35. 45. 50. 75. 80. 85. 90. 95. 99.
14. 16. 18. 25. 32. 34. 40. 45. 55. 80. 90. 95. 99.
15. 20. 24. 45. 50. 60. 65. 70. 80. 90. 95. 99.
13. 16. 19. 20. 22. 24. 30. 32. 50. 55. 70. 80. 85. 95. 99.
2. 9. 21. 26. 29. 31. 34. 40. 50. 60. 75. 80. 85. 90. 95. 99.
14. 26. 27. 28. 31. 34. 40. 45. 50. 55. 70. 75. 90. 95. 99.
2. 9. 21. 27. 29. 33. 34. 50. 60. 65. 70. 80. 85. 90. 95. 
16. 17. 22. 23. 25. 32. 60. 65. 70. 75. 85. 90. 95. 99.
16. 21. 22. 25. 26. 27. 28. 30. 31. 34. 35. 40. 55. 70. 75. 85. 90. 99.
18. 22. 27. 33. 35. 50. 60. 70. 75. 80. 85. 95. 99.
20. 25. 29. 32. 50. 60. 70. 75. 85. 90. 95. 99.
27. 32. 33. 35. 40. 45. 65. 75. 80. 85. 90. 95. 99.
19. 22. 24. 25. 32. 33. 55. 65. 70. 75. 80. 85. 90. 95. 99.
20. 25. 27. 34. 40. 50. 60. 65. 75. 80. 90. 95. 99.
4. 15. 16. 17. 21. 26. 31. 32. 50. 55. 70. 75. 80. 85. 90. 95. 99.
11. 20. 24. 27. 29. 40. 45. 50. 55. 60. 70. 75. 80. 85. 90. 95. 99.
14. 25. 34. 45. 55. 65. 70. 80. 85. 90. 95. 99.
15. 27. 28. 31. 33. 45. 50. 60. 65. 80. 85. 90. 95. 99.
8. 10. 22. 26. 31. 33. 35. 40. 55. 65. 70. 85. 90. 95. 99.
12. 13. 16. 19. 23. 25. 32. 35. 40. 45. 55. 65. 85. 90. 95. 99.
22. 23. 24. 25. 31. 32. 33. 40. 50. 55. 65. 70. 75. 80. 85. 90. 95. 99.
12. 31. 32. 45. 50. 55. 65. 70. 75. 85. 90. 95. 99.
21. 27. 28. 29. 30. 33. 35. 45. 50. 65. 70. 80. 85. 90. 95. 99.
8. 17. 26. 27. 30. 33. 40. 50. 60. 70. 75. 80. 85. 95. 99.
11. 35. 45. 50. 55. 75. 80. 85. 90. 95. 99.
12. 17. 25. 33. 34. 40. 50. 55. 70. 80. 85. 90. 95. 99.
10. 14. 20. 26. 29. 30. 32. 34. 75. 80. 90. 95. 99.
8. 28. 30. 32. 33. 34. 40. 50. 70. 80. 85. 90. 95. 99.
8. 20. 22. 25. 30. 31. 33. 45. 50. 60. 65. 70. 75. 80. 85. 90. 95. 99.
13. 14. 20. 26. 31. 40. 45. 50. 55. 60. 70. 75. 80. 85. 90. 95. 99.
6. 7. 22. 23. 24. 26. 32. 34. 35. 40. 50. 55. 65. 75. 80. 85. 90. 95. 99.
25. 28. 33. 35. 55. 60. 70. 75. 80. 85. 90. 95. 99.
16. 22. 26. 30. 32. 33. 35. 45. 50. 65. 70. 75. 80. 85. 90. 95. 
15. 26. 32. 50. 55. 60. 70. 80. 85. 90. 95. 99.
11. 22. 26. 30. 35. 50. 65. 85. 90. 95. 99.
13. 17. 19. 22. 24. 25. 28. 32. 55. 60. 65. 70. 75. 80. 85. 90. 95. 99.
5. 13. 22. 25. 30. 32. 55. 60. 85. 90. 95. 99.
19. 25. 32. 34. 40. 45. 60. 65. 70. 80. 85. 90. 95. 99.
17. 27. 29. 30. 32. 33. 34. 35. 40. 60. 65. 70. 75. 80. 85. 90. 95. 99.
10. 16. 19. 20. 21. 24. 27. 28. 31. 33. 40. 45. 65. 70. 80. 85. 90. 95. 99.
7. 9. 23. 31. 33. 60. 65. 70. 80. 85. 90. 95. 99.
19. 28. 30. 32. 34. 65. 70. 75. 90. 95. 99.
5. 7. 18. 22. 23. 28. 32. 35. 40. 55. 75. 80. 90. 95. 99.
15. 21. 25. 26. 27. 28. 29. 30. 33. 50. 80. 85. 90. 95. 99.
15. 21. 24. 25. 26. 30. 32. 35. 50. 55. 65. 75. 80. 85. 90. 95. 99.
16. 17. 18. 26. 30. 32. 33. 40. 45. 65. 70. 75. 80. 85. 90. 95. 99.
7. 20. 25. 27. 28. 32. 33. 34. 45. 50. 70. 75. 80. 85. 90. 95. 99.
14. 17. 22. 24. 31. 32. 35. 55. 60. 70. 75. 80. 85. 90. 95. 99.
9. 12. 13. 24. 25. 26. 28. 31. 33. 35. 40. 50. 55. 60. 65. 70. 75. 80. 85. 90. 95. 99.
8. 9. 12. 15. 16. 22. 28. 29. 31. 32. 33. 34. 45. 55. 75. 85. 90. 95. 99.
16. 21. 23. 28. 30. 33. 35. 45. 55. 60. 70. 75. 80. 85. 90. 95. 99.
13. 14. 28. 32. 33. 40. 60. 65. 70. 80. 85. 90. 95. 99.
11. 15. 17. 20. 22. 24. 25. 30. 40. 50. 55. 60. 65. 70. 85. 90. 95. 99.
11. 15. 19. 22. 29. 30. 33. 34. 35. 45. 50. 55. 60. 75. 80. 85. 95. 99.
24. 27. 28. 29. 31. 33. 34. 35. 45. 65. 70. 75. 80. 85. 90. 95. 99.
15. 19. 20. 28. 29. 30. 34. 35. 40. 50. 60. 65. 75. 80. 85. 90. 95. 99.
6. 12. 20. 22. 24. 33. 35. 55. 60. 70. 85. 90. 95. 99.
14. 15. 20. 26. 28. 35. 50. 55. 60. 70. 80. 90. 95. 99.
13. 18. 20. 24. 26. 27. 28. 30. 32. 33. 34. 35. 45. 50. 60. 65. 70. 75. 80. 90. 95. 99.
5. 10. 21. 25. 26. 30. 31. 40. 45. 55. 65. 70. 75. 80. 85. 90. 95. 99.
21. 22. 29. 31. 33. 50. 55. 60. 65. 70. 80. 85. 90. 95. 99.
20. 23. 25. 28. 32. 40. 45. 55. 60. 65. 70. 75. 80. 85. 90. 95. 99.
10. 20. 28. 31. 34. 35. 65. 70. 75. 80. 85. 90. 95. 99.
14. 17. 24. 33. 35. 45. 60. 70. 80. 85. 90. 95. 99.
19. 21. 24. 29. 33. 35. 40. 50. 60. 70. 80. 90. 95. 99.
13. 18. 21. 23. 28. 30. 33. 40. 45. 55. 65. 70. 75. 90. 95. 99.
20. 22. 25. 29. 40. 50. 75. 80. 85. 95. 99.
24. 50. 70. 80. 85. 90. 95. 99.
11. 13. 18. 20. 28. 29. 31. 33. 34. 40. 60. 70. 75. 80. 85. 90. 95. 99.
15. 26. 30. 34. 40. 55. 70. 75. 80. 85. 90. 95. 99.
16. 21. 22. 26. 31. 33. 34. 40. 45. 55. 65. 75. 85. 90. 95. 99.
7. 21. 30. 40. 60. 65. 70. 75. 80. 85. 90. 95. 99.
4. 19. 24. 29. 30. 34. 35. 45. 50. 55. 60. 65. 70. 75. 80. 85. 90. 95. 99.
11. 20. 21. 25. 29. 32. 35. 45. 50. 60. 65. 70. 75. 80. 90. 95. 99.
9. 12. 16. 20. 26. 30. 33. 40. 45. 50. 55. 60. 70. 80. 85. 90. 95. 99.
10. 16. 17. 18. 27. 32. 34. 35. 45. 55. 60. 65. 70. 75. 85. 90. 95. 99.
8. 18. 21. 23. 28. 31. 32. 40. 45. 55. 60. 75. 85. 90. 99.
14. 21. 22. 27. 28. 30. 34. 40. 50. 55. 70. 75. 85. 95. 99.
20. 28. 29. 31. 55. 65. 70. 80. 85. 90. 95. 99.
12. 19. 22. 23. 40. 45. 65. 80. 90. 95. 99.
10. 21. 22. 27. 32. 34. 40. 45. 50. 60. 65. 70. 80. 85. 90. 95. 99.
20. 25. 26. 27. 30. 31. 34. 55. 65. 70. 75. 80. 85. 90. 95. 99.
18. 22. 23. 25. 29. 30. 33. 35. 40. 45. 60. 65. 70. 75. 80. 85. 90. 95. 99.
7. 13. 14. 25. 29. 30. 32. 33. 34. 40. 45. 70. 75. 80. 90. 95. 99.
9. 21. 28. 29. 30. 31. 45. 50. 70. 75. 80. 85. 90. 95. 99.
23. 25. 30. 35. 40. 55. 65. 70. 75. 80. 85. 90. 99.
22. 23. 25. 29. 30. 34. 35. 45. 50. 55. 60. 65. 70. 75. 80. 85. 90. 95. 99.
10. 17. 21. 23. 27. 28. 32. 34. 45. 65. 70. 80. 85. 95. 99.
25. 26. 27. 28. 29. 32. 50. 55. 60. 65. 75. 80. 85. 90. 95. 99.
8. 21. 27. 29. 40. 50. 70. 80. 85. 90. 95. 99.
8. 9. 10. 13. 18. 21. 24. 30. 31. 33. 60. 70. 75. 80. 90. 95. 99.
5. 10. 12. 25. 31. 33. 35. 55. 60. 65. 70. 75. 80. 85. 90. 95. 99.
4. 22. 27. 34. 55. 60. 65. 70. 75. 80. 85. 90. 95. 99.
13. 31. 32. 40. 45. 55. 60. 65. 70. 75. 80. 95. 99.
9. 12. 15. 24. 27. 33. 40. 50. 60. 75. 80. 85. 90. 99.
26. 27. 35. 45. 75. 85. 90. 95. 
6. 8. 11. 13. 14. 30. 31. 35. 50. 55. 65. 70. 75. 80. 85. 90. 95. 99.
22. 23. 30. 31. 32. 33. 50. 55. 75. 80. 85. 90. 95. 99.
6. 15. 16. 18. 24. 25. 27. 31. 33. 35. 45. 50. 60. 70. 90. 95. 99.
18. 20. 29. 30. 45. 65. 85. 90. 95. 99.
13. 19. 24. 27. 29. 31. 32. 35. 80. 85. 90. 95. 99.
20. 28. 30. 31. 32. 35. 45. 50. 55. 60. 65. 70. 75. 80. 90. 95. 99.
4. 10. 13. 15. 21. 22. 24. 27. 30. 33. 35. 40. 45. 50. 60. 65. 70. 85. 90. 95. 99.
6. 15. 18. 21. 22. 26. 28. 32. 35. 45. 50. 55. 65. 70. 75. 80. 85. 90. 95. 99.
3. 17. 23. 27. 32. 33. 50. 55. 70. 75. 85. 90. 95. 99.
12. 17. 26. 27. 34. 40. 65. 70. 75. 80. 85. 90. 95. 99.
11. 15. 20. 31. 33. 34. 35. 40. 50. 60. 80. 90. 95. 99.
22. 25. 29. 30. 33. 45. 60. 65. 70. 75. 80. 85. 95. 99.
17. 22. 27. 28. 30. 33. 35. 55. 75. 85. 90. 95. 99.
3. 15. 17. 22. 24. 25. 27. 28. 30. 33. 35. 40. 50. 65. 70. 75. 80. 85. 90. 99.
16. 19. 21. 22. 24. 25. 29. 30. 31. 34. 35. 40. 50. 65. 70. 75. 80. 85. 90. 95. 99.
28. 45. 55. 60. 65. 70. 75. 80. 85. 95. 99.
14. 17. 20. 30. 34. 45. 55. 65. 70. 75. 80. 90. 95. 99.
28. 33. 34. 40. 55. 65. 75. 80. 85. 90. 95. 99.
14. 18. 21. 22. 27. 28. 29. 33. 50. 60. 65. 70. 75. 80. 85. 90. 95. 99.
3. 12. 15. 20. 22. 30. 31. 33. 34. 45. 50. 60. 70. 75. 80. 85. 90. 95. 99.
10. 13. 16. 19. 20. 26. 28. 32. 50. 60. 70. 75. 80. 85. 90. 95. 99.
3. 12. 15. 21. 28. 35. 40. 55. 60. 65. 70. 75. 80. 85. 90. 95. 99.
7. 13. 14. 17. 23. 27. 30. 31. 33. 34. 40. 55. 60. 75. 80. 85. 90. 95. 99.
7. 15. 19. 26. 27. 40. 50. 65. 75. 80. 90. 95. 99.
11. 12. 16. 25. 28. 29. 33. 34. 40. 50. 55. 60. 65. 70. 75. 85. 95. 99.
11. 18. 34. 35. 45. 50. 55. 60. 65. 80. 85. 90. 95. 99.
8. 19. 21. 22. 27. 35. 40. 45. 50. 55. 60. 75. 80. 90. 95. 99.
10. 12. 18. 21. 25. 40. 55. 70. 75. 80. 85. 90. 95. 99.
18. 21. 24. 25. 50. 65. 70. 80. 90. 95. 99.
10. 13. 22. 24. 29. 34. 35. 60. 65. 80. 85. 90. 95. 99.
1. 14. 16. 18. 22. 27. 30. 33. 34. 40. 45. 55. 60. 65. 75. 80. 85. 90. 95. 99.
14. 18. 21. 26. 32. 33. 34. 60. 65. 70. 75. 80. 85. 90. 95. 99.
8. 16. 17. 26. 27. 29. 30. 32. 33. 35. 40. 45. 50. 60. 65. 70. 80. 85. 90. 95. 99.
9. 20. 22. 25. 32. 45. 70. 75. 80. 85. 90. 95. 99.
14. 15. 16. 19. 22. 24. 28. 40. 45. 55. 60. 65. 75. 85. 90. 95. 99.
11. 16. 18. 19. 24. 27. 29. 32. 50. 55. 65. 70. 75. 80. 85. 90. 95. 99.
15. 17. 21. 24. 25. 26. 29. 31. 34. 50. 55. 60. 70. 75. 90. 95. 99.
13. 15. 21. 22. 24. 25. 29. 30. 31. 34. 45. 65. 70. 75. 80. 85. 90. 95. 99.
9. 23. 25. 29. 33. 34. 40. 45. 50. 60. 75. 80. 85. 90. 95. 99.
27. 28. 30. 32. 40. 45. 60. 65. 70. 75. 80. 85. 90. 95. 99.
12. 20. 21. 23. 26. 30. 31. 35. 40. 50. 55. 60. 70. 75. 80. 85. 95. 99.
10. 16. 20. 27. 40. 45. 55. 60. 70. 75. 80. 85. 90. 95. 99.
15. 19. 29. 30. 31. 45. 70. 75. 85. 90. 95. 99.
14. 23. 25. 26. 29. 32. 33. 55. 60. 65. 75. 85. 95. 99.
6. 14. 24. 27. 28. 30. 31. 34. 35. 65. 75. 85. 90. 95. 99.
4. 21. 50. 55. 60. 65. 70. 75. 80. 85. 90. 95. 99.
35. 50. 60. 75. 80. 85. 90. 95. 99.
21. 25. 29. 34. 35. 45. 55. 65. 70. 75. 80. 85. 90. 95. 99.
3. 16. 24. 30. 45. 65. 70. 80. 90. 95. 99.
27. 34. 40. 45. 60. 70. 85. 90. 95. 99.
8. 11. 15. 17. 20. 24. 27. 30. 55. 60. 70. 75. 80. 85. 90. 99.
16. 23. 34. 40. 45. 55. 65. 70. 75. 80. 90. 95. 99.
7. 19. 26. 27. 31. 33. 60. 65. 75. 85. 90. 95. 99.
16. 18. 21. 24. 25. 29. 31. 32. 34. 50. 60. 65. 70. 75. 80. 85. 90. 95. 99.
8. 17. 20. 21. 23. 24. 32. 33. 40. 55. 60. 65. 75. 80. 85. 90. 99.
32. 34. 35. 45. 55. 60. 65. 70. 85. 90. 95. 99.
17. 31. 34. 40. 50. 60. 70. 75. 80. 85. 90. 95. 99.
8. 13. 14. 15. 22. 27. 29. 31. 33. 34. 40. 50. 55. 70. 75. 80. 85. 95. 99.
8. 15. 17. 18. 19. 20. 30. 32. 35. 50. 65. 70. 75. 80. 85. 90. 95. 99.
21. 22. 24. 26. 27. 35. 45. 50. 55. 60. 65. 70. 75. 80. 85. 90. 95. 99.
9. 19. 24. 32. 35. 55. 65. 70. 75. 80. 90. 95. 99.
6. 15. 23. 24. 25. 27. 29. 30. 34. 40. 45. 65. 75. 80. 85. 90. 95. 99.
11. 15. 16. 18. 27. 28. 29. 34. 35. 45. 50. 55. 60. 80. 85. 90. 95. 99.
6. 20. 45. 50. 55. 60. 65. 75. 80. 85. 90. 95. 99.
8. 18. 21. 23. 26. 31. 34. 45. 50. 55. 60. 65. 70. 75. 80. 85. 90. 95. 99.
6. 13. 14. 21. 25. 27. 34. 35. 45. 50. 65. 70. 75. 80. 85. 90. 95. 99.
10. 11. 12. 15. 20. 30. 31. 32. 34. 40. 45. 55. 60. 65. 70. 80. 85. 90. 95. 99.
9. 14. 20. 21. 23. 28. 31. 40. 45. 50. 60. 65. 70. 80. 90. 95. 99.
13. 14. 23. 24. 28. 31. 33. 45. 60. 65. 70. 75. 80. 85. 90. 95. 99.
15. 22. 24. 27. 29. 45. 55. 65. 70. 75. 80. 85. 90. 95. 99.
17. 20. 25. 28. 30. 31. 32. 35. 45. 65. 70. 80. 85. 90. 95. 99.
19. 27. 33. 35. 45. 60. 65. 70. 75. 80. 90. 95. 99.
14. 31. 32. 50. 55. 60. 65. 70. 75. 80. 85. 95. 99.
9. 16. 20. 24. 26. 27. 28. 33. 34. 35. 75. 80. 85. 90. 95. 99.
1. 6. 14. 23. 25. 30. 32. 34. 40. 55. 70. 75. 80. 90. 95. 99.
15. 20. 24. 25. 30. 31. 34. 35. 50. 65. 75. 80. 85. 90. 99.
16. 17. 21. 23. 27. 30. 31. 32. 40. 55. 60. 65. 70. 75. 85. 90. 95. 99.
23. 28. 30. 31. 32. 45. 50. 60. 75. 85. 90. 95. 99.
17. 24. 26. 29. 31. 32. 34. 50. 55. 60. 65. 70. 75. 80. 85. 90. 95. 99.
16. 17. 20. 23. 24. 25. 29. 30. 32. 33. 34. 40. 70. 75. 80. 85. 90. 95. 99.
14. 17. 21. 22. 23. 28. 29. 30. 31. 32. 34. 35. 45. 50. 55. 65. 70. 75. 80. 85. 90. 95. 99.
24. 31. 32. 40. 50. 55. 65. 80. 85. 90. 95. 99.
9. 10. 11. 12. 25. 32. 33. 50. 55. 60. 65. 75. 80. 85. 90. 95. 99.
4. 6. 13. 18. 24. 25. 26. 28. 30. 35. 40. 50. 55. 65. 70. 80. 85. 90. 95. 99.
20. 21. 23. 31. 34. 40. 45. 60. 65. 85. 90. 95. 99.
6. 13. 22. 25. 27. 31. 32. 33. 35. 40. 55. 60. 65. 75. 80. 85. 90. 95. 99.
7. 9. 13. 32. 33. 40. 45. 55. 70. 75. 90. 95. 99.
17. 23. 28. 33. 34. 40. 55. 70. 75. 80. 85. 95. 99.
9. 16. 23. 28. 50. 55. 70. 80. 90. 95. 99.
14. 22. 23. 28. 40. 45. 60. 65. 75. 90. 95. 99.
9. 12. 16. 20. 21. 27. 28. 32. 40. 60. 70. 75. 80. 85. 90. 95. 99.
17. 25. 26. 27. 33. 50. 55. 60. 75. 80. 85. 90. 95. 99.
7. 26. 30. 55. 70. 75. 80. 90. 95. 99.
24. 26. 28. 29. 35. 45. 55. 65. 70. 75. 80. 85. 90. 95. 99.
9. 11. 19. 23. 27. 28. 29. 30. 32. 35. 50. 55. 65. 70. 80. 90. 95. 99.
5. 17. 21. 26. 27. 29. 35. 45. 55. 60. 80. 85. 90. 99.
15. 26. 27. 30. 32. 33. 40. 45. 50. 55. 70. 80. 85. 90. 99.
6. 16. 18. 24. 30. 32. 35. 40. 45. 50. 60. 65. 75. 85. 90. 99.
1. 14. 16. 23. 28. 29. 35. 60. 80. 85. 90. 95. 99.
8. 24. 32. 34. 35. 55. 65. 75. 80. 90. 95. 99.
8. 14. 25. 26. 31. 34. 40. 50. 55. 60. 70. 75. 80. 90. 95. 99.
5. 16. 17. 19. 23. 24. 25. 27. 28. 29. 40. 45. 50. 55. 65. 70. 80. 90. 95. 99.
9. 20. 22. 23. 28. 30. 33. 34. 40. 50. 60. 75. 80. 95. 99.
9. 12. 14. 26. 27. 32. 33. 40. 45. 55. 60. 65. 70. 75. 80. 90. 95. 99.
11. 12. 20. 23. 27. 28. 40. 45. 50. 55. 65. 70. 75. 85. 90. 95. 99.
14. 19. 22. 23. 25. 27. 28. 34. 45. 55. 65. 70. 75. 80. 85. 90. 95. 
25. 32. 33. 55. 65. 70. 80. 85. 90. 95. 99.
19. 22. 24. 25. 27. 29. 31. 33. 55. 60. 65. 70. 75. 85. 95. 99.
17. 18. 20. 25. 34. 35. 40. 45. 50. 55. 70. 80. 85. 90. 99.
5. 12. 18. 22. 28. 29. 30. 34. 60. 65. 70. 75. 80. 85. 90. 95. 99.
13. 17. 24. 35. 50. 55. 70. 85. 90. 95. 99.
24. 29. 35. 40. 45. 70. 85. 90. 95. 99.
11. 16. 19. 26. 29. 35. 55. 60. 65. 70. 80. 90. 95. 99.
21. 24. 40. 45. 50. 55. 60. 80. 85. 90. 95. 99.
12. 13. 18. 19. 29. 30. 31. 32. 35. 65. 70. 90. 95. 99.
22. 24. 28. 29. 32. 40. 45. 50. 75. 80. 85. 90. 95. 99.
14. 27. 28. 32. 34. 55. 60. 75. 85. 95. 99.
16. 19. 29. 40. 55. 60. 65. 75. 85. 95. 99.
22. 26. 28. 31. 35. 60. 65. 70. 75. 80. 85. 95. 99.
10. 25. 26. 28. 34. 40. 50. 55. 60. 65. 75. 80. 85. 90. 95. 99.
7. 14. 22. 28. 30. 33. 34. 40. 50. 55. 65. 70. 75. 80. 85. 90. 
2. 19. 20. 22. 27. 31. 32. 34. 35. 45. 60. 65. 70. 75. 80. 85. 90. 95. 99.
13. 15. 17. 19. 20. 21. 22. 28. 33. 35. 40. 45. 60. 65. 70. 75. 80. 85. 90. 95. 99.
4. 16. 20. 23. 24. 34. 40. 55. 60. 65. 75. 80. 90. 95. 99.
15. 19. 22. 23. 24. 26. 30. 35. 50. 65. 70. 75. 80. 85. 90. 95. 99.
8. 13. 17. 21. 24. 25. 26. 28. 29. 34. 55. 65. 70. 75. 85. 90. 95. 99.
5. 14. 17. 20. 21. 22. 24. 25. 27. 31. 32. 55. 60. 65. 70. 75. 80. 90. 95. 99.
9. 15. 16. 18. 24. 26. 27. 28. 32. 35. 45. 55. 60. 75. 90. 95. 99.
12. 14. 27. 30. 31. 34. 40. 45. 55. 65. 75. 80. 85. 95. 99.
4. 14. 16. 20. 21. 28. 29. 33. 34. 35. 50. 60. 80. 85. 90. 95. 99.
7. 11. 21. 26. 31. 34. 40. 45. 55. 60. 65. 70. 75. 80. 85. 90. 95. 99.
11. 18. 24. 28. 60. 70. 75. 80. 90. 95. 99.
 